0 0.064286 0.041345 0.057143 0.020404
0 0.768304 0.033398 0.072321 0.018686
0 0.513393 0.065507 0.067857 0.024055
0 0.425000 0.065077 0.066071 0.021478
0 0.391518 0.133376 0.068750 0.025773
0 0.169196 0.136168 0.065179 0.025344
0 0.455357 0.167204 0.064286 0.021263
0 0.613393 0.197917 0.067857 0.023840
0 0.667411 0.231637 0.070536 0.023840
0 0.622321 0.301546 0.071429 0.021048
0 0.513393 0.368235 0.066071 0.023411
0 0.764286 0.333441 0.075000 0.022981
0 0.738839 0.403351 0.066964 0.025344
0 0.545536 0.404102 0.071429 0.023840
0 0.162946 0.410116 0.065179 0.023411
0 0.519196 0.471757 0.070536 0.022122
0 0.360714 0.509235 0.073214 0.022337
0 0.093304 0.545533 0.056250 0.025773
0 0.732143 0.504510 0.067857 0.021478
0 0.789286 0.536942 0.075000 0.022766
0 0.896429 0.568943 0.066071 0.021048
0 0.620536 0.570554 0.067857 0.019974
0 0.794643 0.638101 0.073214 0.022337
0 0.638393 0.637994 0.075000 0.021263
0 0.640179 0.671392 0.066071 0.023196
0 0.379911 0.673003 0.074107 0.021692
0 0.670536 0.739046 0.066071 0.021048
0 0.344196 0.741838 0.077679 0.021907
0 0.490179 0.808312 0.064286 0.020833
0 0.268750 0.809386 0.071429 0.020404
0 0.923214 0.840743 0.069643 0.019974
0 0.830804 0.878329 0.072321 0.021263
0 0.368750 0.882195 0.064286 0.020833
0 0.783929 0.913875 0.073214 0.021048
0 0.931696 0.912479 0.068750 0.020833
0 0.371429 0.986040 0.062500 0.020619
0 0.683482 0.983462 0.066964 0.021907
