0 0.829720 0.007220 0.069557 0.014440
0 0.542909 0.010299 0.066847 0.020599
0 0.798555 0.099809 0.065041 0.020386
0 0.333785 0.106073 0.069557 0.019325
0 0.209124 0.107241 0.071364 0.021236
0 0.288166 0.139945 0.068654 0.019962
0 0.746161 0.167445 0.065041 0.019325
0 0.545167 0.169144 0.073171 0.025271
0 0.519422 0.202909 0.072267 0.021873
0 0.734869 0.270333 0.074977 0.019537
0 0.153568 0.312911 0.077687 0.019749
0 0.420054 0.309726 0.072267 0.019325
0 0.065041 0.510724 0.065041 0.020386
0 0.576332 0.505203 0.075881 0.022085
0 0.850497 0.534296 0.074977 0.020811
0 0.278681 0.540667 0.087624 0.022935
0 0.157633 0.542684 0.074977 0.021873
0 0.870822 0.600871 0.068654 0.021024
0 0.150858 0.609259 0.066847 0.019537
0 0.207317 0.642812 0.073171 0.022085
0 0.424571 0.672860 0.083107 0.023147
0 0.205510 0.674666 0.074977 0.021236
0 0.813911 0.800913 0.072267 0.021448
0 0.373984 0.806753 0.066847 0.019962
0 0.585818 0.837014 0.073171 0.020599
0 0.934508 0.834678 0.065944 0.018900
0 0.906504 0.869718 0.069557 0.021873
0 0.444896 0.874920 0.071364 0.022085
0 0.303523 0.911871 0.068654 0.022085
0 0.900181 0.903801 0.071364 0.020386
0 0.305330 0.947653 0.068654 0.020174
0 0.196477 0.948503 0.065944 0.020599
0 0.830623 0.974729 0.073171 0.022510
