0 0.796727 0.037687 0.065461 0.021413
0 0.384582 0.011456 0.069767 0.019914
0 0.326012 0.043790 0.066322 0.022056
0 0.071059 0.014240 0.057709 0.020771
0 0.203704 0.110385 0.069767 0.020771
0 0.306632 0.141649 0.062016 0.019058
0 0.482773 0.104390 0.066322 0.022056
0 0.770887 0.101178 0.065461 0.021199
0 0.111972 0.178908 0.080965 0.025054
0 0.267011 0.209850 0.068906 0.021842
0 0.301464 0.243255 0.067183 0.021842
0 0.533161 0.205460 0.063738 0.021199
0 0.817829 0.236081 0.066322 0.021199
0 0.506460 0.277730 0.074074 0.020557
0 0.570629 0.312420 0.068045 0.022270
0 0.489233 0.344433 0.070629 0.022056
0 0.294574 0.381156 0.065461 0.019700
0 0.441430 0.378587 0.071490 0.021842
0 0.826873 0.371627 0.065461 0.021199
0 0.751507 0.408030 0.066322 0.020343
0 0.308786 0.414882 0.071490 0.021627
0 0.277347 0.447323 0.068906 0.021413
0 0.838932 0.440043 0.074074 0.020985
0 0.796296 0.474411 0.066322 0.020343
0 0.479328 0.513062 0.076658 0.020557
0 0.850129 0.507495 0.067183 0.019700
0 0.858312 0.540257 0.066322 0.018844
0 0.539190 0.543041 0.074074 0.020557
0 0.743325 0.643683 0.074074 0.021413
0 0.718346 0.676660 0.077519 0.021842
0 0.888889 0.706103 0.065461 0.020343
0 0.252799 0.812527 0.066322 0.022056
0 0.749354 0.843683 0.072351 0.022270
0 0.394057 0.884904 0.068045 0.019914
0 0.722222 0.880621 0.066322 0.019914
0 0.642550 0.915096 0.060293 0.018201
0 0.288544 0.918308 0.070629 0.020343
0 0.460379 0.952784 0.073213 0.019486
0 0.899225 0.981585 0.072351 0.020985
0 0.369509 0.987901 0.072351 0.019914
0 0.820413 0.307281 0.071490 0.020128
0 0.770887 0.339186 0.063738 0.020128
0 0.638674 0.774625 0.068045 0.018201
