0 0.698634 0.010599 0.068901 0.021198
0 0.635940 0.060350 0.063935 0.023361
0 0.793917 0.107506 0.070764 0.026822
0 0.637182 0.108587 0.062694 0.024227
0 0.489137 0.110318 0.064556 0.025957
0 0.943824 0.148713 0.071384 0.024876
0 0.559590 0.149037 0.063935 0.027255
0 0.891061 0.193489 0.072626 0.024876
0 0.897890 0.274173 0.062694 0.026606
0 0.527933 0.362103 0.070143 0.027255
0 0.933892 0.360048 0.078833 0.027904
0 0.750776 0.402661 0.070143 0.026606
0 0.281192 0.488427 0.067039 0.027255
0 0.139975 0.619187 0.070143 0.026173
0 0.292986 0.616266 0.065798 0.027255
0 0.649286 0.683863 0.064556 0.027471
0 0.249224 0.693922 0.063935 0.030283
0 0.306021 0.857236 0.063315 0.027688
0 0.171322 0.859939 0.075729 0.026173
0 0.258845 0.900822 0.068281 0.026606
0 0.817815 0.895198 0.065177 0.027904
0 0.341713 0.940515 0.066418 0.026390
0 0.177840 0.943327 0.067660 0.026822
0 0.521726 0.978153 0.072626 0.025957
0 0.163563 0.152498 0.071384 0.025092
