0 0.393544 0.118796 0.063315 0.029356
0 0.160770 0.243506 0.059590 0.025766
0 0.562073 0.240021 0.065177 0.026399
0 0.223774 0.326294 0.058970 0.029567
0 0.418374 0.322070 0.060832 0.028300
0 0.928305 0.402851 0.070143 0.022175
0 0.613904 0.405385 0.064556 0.021753
0 0.503414 0.406758 0.064556 0.022809
0 0.365611 0.365576 0.069522 0.027455
0 0.164804 0.367793 0.063935 0.024710
0 0.297952 0.448680 0.067039 0.024287
0 0.934202 0.482788 0.067039 0.024076
0 0.724084 0.483633 0.068901 0.024076
0 0.331161 0.525766 0.066418 0.025132
0 0.652079 0.522809 0.062694 0.023865
0 0.847300 0.521119 0.062073 0.025132
0 0.130975 0.567687 0.070764 0.024076
0 0.396338 0.611404 0.063935 0.024921
0 0.863439 0.607075 0.065798 0.023865
0 0.934823 0.681521 0.069522 0.020697
0 0.730912 0.684794 0.067660 0.024287
0 0.312539 0.689018 0.065177 0.023442
0 0.224084 0.731890 0.065798 0.025554
0 0.766605 0.724393 0.070764 0.025343
0 0.851024 0.724393 0.072005 0.024498
0 0.937306 0.765259 0.064556 0.025554
0 0.673495 0.767899 0.072005 0.024076
0 0.459963 0.770116 0.064556 0.026822
0 0.626319 0.812460 0.063315 0.028722
0 0.788641 0.848891 0.066418 0.025554
0 0.629112 0.851954 0.063935 0.026188
0 0.481068 0.853960 0.064556 0.024710
0 0.153321 0.898944 0.069522 0.024710
0 0.553383 0.894826 0.061453 0.024498
0 0.940720 0.889546 0.066418 0.027033
0 0.881440 0.927983 0.067039 0.023654
0 0.420857 0.974234 0.065798 0.024921
