0 0.876049 0.562462 0.033580 0.022658
0 0.756049 0.793172 0.035556 0.025413
0 0.526667 0.344764 0.034074 0.023270
0 0.072593 0.244336 0.024691 0.025720
0 0.859259 0.084201 0.031605 0.023882
0 0.736790 0.599051 0.033580 0.022964
0 0.073086 0.601500 0.033580 0.022352
0 0.067407 0.306797 0.027160 0.024495
0 0.405432 0.443509 0.036543 0.024189
0 0.489630 0.543019 0.035062 0.022964
0 0.632840 0.344764 0.034074 0.021433
0 0.814321 0.303123 0.032593 0.023270
0 0.180000 0.080220 0.030123 0.024495
0 0.953333 0.207440 0.035062 0.023576
0 0.637284 0.633650 0.034074 0.022352
0 0.723951 0.568585 0.033580 0.023270
0 0.255309 0.870178 0.032593 0.023270
0 0.243951 0.474587 0.033580 0.022658
0 0.530617 0.311543 0.033086 0.022352
0 0.338025 0.278169 0.031111 0.024189
0 0.765679 0.406767 0.034074 0.022964
0 0.279506 0.441978 0.035556 0.025413
0 0.213827 0.935242 0.033580 0.022352
0 0.148889 0.308634 0.033086 0.023882
0 0.388148 0.212033 0.036543 0.021127
0 0.196790 0.021280 0.033086 0.021739
0 0.825926 0.054807 0.030123 0.020821
0 0.220247 0.697795 0.034568 0.020821
0 0.302469 0.542100 0.033086 0.025413
0 0.439506 0.025566 0.031605 0.023576
0 0.717037 0.339865 0.032593 0.022045
0 0.147160 0.539957 0.030617 0.024801
0 0.093827 0.308022 0.025679 0.024495
0 0.810370 0.433711 0.034568 0.020514
0 0.379259 0.177587 0.033580 0.022045
0 0.709383 0.832211 0.035062 0.023270
0 0.131605 0.245560 0.026173 0.025107
0 0.705185 0.374005 0.032593 0.022964
0 0.570370 0.085119 0.032593 0.022045
0 0.098272 0.867116 0.031605 0.023270
0 0.738025 0.757961 0.034074 0.022352
0 0.925926 0.721066 0.034568 0.023270
0 0.825185 0.628598 0.036543 0.022658
0 0.857284 0.269596 0.032593 0.019902
0 0.303457 0.022352 0.032099 0.023270
0 0.478519 0.179731 0.034568 0.023270
0 0.873333 0.144060 0.034074 0.022352
0 0.741975 0.305726 0.033086 0.022352
0 0.055309 0.436620 0.049383 0.023882
0 0.420000 0.637324 0.034074 0.023576
0 0.524444 0.933252 0.033580 0.022658
0 0.104198 0.761941 0.036543 0.024801
0 0.916296 0.866810 0.033086 0.022658
0 0.766173 0.567208 0.035062 0.023576
0 0.669383 0.180190 0.032099 0.022352
0 0.530123 0.474740 0.034074 0.022964
0 0.495802 0.967697 0.033580 0.021127
0 0.044444 0.863288 0.029630 0.023576
0 0.637531 0.311390 0.032593 0.021433
0 0.323457 0.607012 0.032593 0.021127
0 0.481481 0.279853 0.029630 0.024495
0 0.320247 0.507808 0.028148 0.024801
0 0.893580 0.270361 0.034074 0.023882
0 0.883951 0.400949 0.032593 0.022964
0 0.776296 0.025720 0.034568 0.022045
0 0.121975 0.410288 0.034568 0.022045
0 0.826173 0.792254 0.037531 0.021739
0 0.595556 0.054654 0.032593 0.024189
0 0.402222 0.968157 0.033086 0.021433
0 0.644691 0.797612 0.036049 0.021433
0 0.344691 0.344458 0.031605 0.020821
0 0.738519 0.535058 0.030123 0.021739
0 0.243457 0.082517 0.033580 0.022352
0 0.463210 0.245407 0.034568 0.025413
0 0.299259 0.113288 0.033580 0.022658
0 0.665432 0.343999 0.032099 0.022352
0 0.152099 0.472290 0.031605 0.025413
0 0.428148 0.837569 0.033580 0.021739
0 0.936790 0.143448 0.033580 0.022352
0 0.322716 0.764238 0.035062 0.023270
0 0.818025 0.867269 0.033086 0.021739
0 0.481235 0.507042 0.034074 0.022045
0 0.609383 0.442743 0.031605 0.022658
