0 0.357097 0.804658 0.035566 0.020204
0 0.355815 0.225117 0.033002 0.021055
0 0.106376 0.482242 0.032682 0.020204
0 0.776834 0.659613 0.036847 0.017652
0 0.628164 0.544875 0.038129 0.019566
0 0.768504 0.280625 0.033002 0.020204
0 0.547581 0.572948 0.035886 0.019991
0 0.078661 0.423650 0.038129 0.019566
0 0.063922 0.104317 0.033002 0.020204
0 0.820250 0.454806 0.036527 0.018928
0 0.425825 0.894300 0.035245 0.019991
0 0.903877 0.076244 0.036527 0.019353
0 0.386094 0.015738 0.032041 0.018290
0 0.904678 0.253084 0.031721 0.017865
0 0.202019 0.278179 0.033643 0.018715
0 0.672541 0.196512 0.032041 0.019141
0 0.594521 0.895576 0.035566 0.019141
0 0.589715 0.925138 0.038129 0.019141
0 0.314643 0.015100 0.033323 0.019141
0 0.773630 0.629094 0.038129 0.019141
0 0.873758 0.396640 0.031400 0.017439
0 0.822012 0.924394 0.035566 0.018928
0 0.172060 0.074224 0.033963 0.018715
0 0.722204 0.047852 0.033323 0.017865
0 0.312240 0.862718 0.029798 0.018077
0 0.972445 0.196618 0.033963 0.020204
0 0.772509 0.834219 0.036527 0.020204
0 0.910285 0.688856 0.033323 0.014887
0 0.296219 0.774458 0.038129 0.019779
0 0.112304 0.367503 0.035566 0.019566
0 0.894745 0.368886 0.035566 0.019779
0 0.284364 0.482667 0.033643 0.018503
0 0.176065 0.630370 0.033643 0.019141
0 0.074495 0.047214 0.031080 0.019566
0 0.200577 0.892386 0.033963 0.019141
0 0.264499 0.629200 0.038770 0.018928
0 0.687921 0.980753 0.036527 0.020204
0 0.745594 0.106550 0.027555 0.017439
0 0.187120 0.714909 0.037168 0.018928
0 0.685037 0.601978 0.036527 0.019779
0 0.264338 0.337303 0.035245 0.018715
0 0.915412 0.135793 0.033323 0.020204
0 0.904998 0.923437 0.033643 0.019141
0 0.154277 0.542216 0.033643 0.020630
0 0.028036 0.831029 0.028517 0.020630
0 0.490067 0.686835 0.033002 0.018077
0 0.370715 0.195342 0.037808 0.020204
0 0.972765 0.048384 0.032041 0.018503
0 0.384813 0.600915 0.038449 0.018928
0 0.369913 0.833475 0.038129 0.019141
0 0.592438 0.014994 0.035245 0.020630
0 0.473406 0.308592 0.034284 0.017865
0 0.945851 0.834964 0.033323 0.018715
0 0.280839 0.714696 0.037488 0.018503
0 0.395546 0.745215 0.034284 0.021693
0 0.461551 0.195661 0.033643 0.018715
0 0.684716 0.952042 0.036527 0.020204
0 0.587953 0.600808 0.038449 0.019566
0 0.901794 0.894088 0.035566 0.018715
0 0.345402 0.571991 0.032682 0.017652
0 0.478533 0.015419 0.034284 0.018928
0 0.770266 0.895470 0.040372 0.021055
0 0.671580 0.922799 0.037808 0.019991
0 0.366389 0.453743 0.036847 0.019353
0 0.188882 0.831136 0.033643 0.019141
0 0.676546 0.367503 0.033002 0.017014
0 0.649952 0.338367 0.036847 0.019991
0 0.599487 0.805827 0.033963 0.021693
0 0.237584 0.453743 0.033643 0.019353
0 0.088113 0.947895 0.034604 0.019566
0 0.571131 0.514249 0.033643 0.018290
0 0.181993 0.105062 0.032682 0.018290
0 0.716757 0.366121 0.034604 0.018077
0 0.295739 0.977137 0.038449 0.018503
0 0.464274 0.921948 0.037168 0.018715
0 0.934636 0.484794 0.030759 0.018077
0 0.765300 0.689281 0.033643 0.018290
0 0.583787 0.164292 0.030119 0.021055
0 0.083467 0.162803 0.033002 0.018077
0 0.514418 0.980540 0.034284 0.021480
0 0.090836 0.745534 0.033643 0.020630
0 0.734861 0.922480 0.037488 0.018077
0 0.860622 0.226606 0.034604 0.018503
0 0.918936 0.165462 0.032682 0.018290
0 0.915572 0.453637 0.040051 0.019141
0 0.247677 0.425245 0.031400 0.019353
0 0.551746 0.628137 0.032041 0.019353
0 0.160525 0.014143 0.030119 0.018928
0 0.673983 0.628456 0.036206 0.019141
0 0.340916 0.047427 0.032682 0.020417
0 0.594521 0.745534 0.036847 0.020630
0 0.486062 0.863356 0.037808 0.019353
0 0.892663 0.561676 0.111503 0.071884
0 0.046459 0.921204 0.035245 0.020204
0 0.675585 0.308379 0.034925 0.020842
0 0.369112 0.135793 0.035886 0.020630
0 0.263217 0.658762 0.036206 0.019353
