0 0.526528 0.284306 0.084198 0.023302
0 0.314879 0.845748 0.083045 0.020912
0 0.559400 0.637622 0.087659 0.021709
0 0.238178 0.223661 0.086505 0.021908
0 0.535755 0.785899 0.088812 0.022306
0 0.323529 0.666899 0.088812 0.020912
0 0.832180 0.815973 0.086505 0.022306
0 0.837947 0.253436 0.086505 0.021709
0 0.514418 0.196774 0.085352 0.021908
0 0.881776 0.522207 0.088812 0.022705
0 0.904268 0.406692 0.085352 0.021908
0 0.745098 0.197172 0.085352 0.025095
0 0.194925 0.492432 0.085352 0.020116
0 0.697809 0.637921 0.085352 0.021111
0 0.598039 0.816371 0.086505 0.019916
0 0.280277 0.135730 0.089965 0.022904
0 0.469435 0.756025 0.080738 0.021908
0 0.614764 0.376519 0.085352 0.022505
0 0.487313 0.904800 0.086505 0.022705
0 0.604383 0.522804 0.080738 0.023501
0 0.878316 0.609142 0.088812 0.020116
0 0.317762 0.435770 0.086505 0.023501
0 0.226644 0.580064 0.081892 0.019717
0 0.613610 0.346644 0.085352 0.023700
0 0.450980 0.465346 0.087659 0.021310
0 0.445790 0.493129 0.084198 0.021111
0 0.810842 0.581557 0.089965 0.019120
0 0.729527 0.756124 0.088812 0.020912
0 0.283160 0.345648 0.088812 0.022505
0 0.686851 0.224457 0.088812 0.021510
0 0.254902 0.014937 0.087659 0.021510
0 0.388697 0.785401 0.085352 0.020514
0 0.262399 0.073591 0.091119 0.020116
0 0.332180 0.637722 0.089965 0.022306
0 0.851211 0.075782 0.087659 0.022904
0 0.107266 0.463951 0.085352 0.021310
0 0.105536 0.104461 0.084198 0.023302
