0 0.728640 0.015739 0.092659 0.023164
0 0.421781 0.402099 0.097473 0.019798
0 0.833935 0.780242 0.091456 0.021382
0 0.895307 0.986042 0.093863 0.021580
0 0.715403 0.721738 0.087846 0.021184
0 0.391095 0.105326 0.086643 0.022570
0 0.411552 0.925361 0.089049 0.020194
0 0.885680 0.044051 0.091456 0.022768
0 0.570397 0.166304 0.096270 0.023362
0 0.090854 0.164225 0.083032 0.019204
0 0.165463 0.690457 0.097473 0.020392
0 0.655235 0.313106 0.092659 0.020788
0 0.324308 0.489804 0.092659 0.021382
0 0.838147 0.633043 0.092659 0.018412
0 0.685921 0.343892 0.098676 0.023362
0 0.129362 0.925658 0.087846 0.022372
0 0.146209 0.719560 0.087846 0.020788
0 0.669675 0.605524 0.095066 0.020392
0 0.885680 0.373886 0.093863 0.020788
0 0.069795 0.343298 0.086643 0.023758
0 0.734657 0.691744 0.095066 0.020986
0 0.861613 0.167096 0.091456 0.022570
0 0.676895 0.461493 0.090253 0.020194
0 0.744284 0.750247 0.097473 0.021184
0 0.641396 0.898238 0.089049 0.023758
0 0.661853 0.074045 0.089049 0.022570
0 0.055355 0.460404 0.093863 0.021184
0 0.543923 0.780341 0.091456 0.022768
0 0.703369 0.662641 0.092659 0.023758
0 0.175090 0.837458 0.085439 0.020194
