0 0.285207 0.808408 0.089941 0.021756
0 0.327811 0.286064 0.097041 0.020580
0 0.392308 0.956586 0.086391 0.021364
0 0.334911 0.691102 0.082840 0.020776
0 0.723077 0.170325 0.089941 0.021168
0 0.582840 0.983536 0.084024 0.021560
0 0.204142 0.866817 0.086391 0.019012
0 0.267456 0.550274 0.092308 0.022932
0 0.589349 0.317229 0.097041 0.020972
0 0.700592 0.607213 0.094675 0.021168
0 0.814201 0.551058 0.099408 0.022148
0 0.326627 0.109467 0.094675 0.021756
0 0.416568 0.606135 0.092308 0.018620
0 0.405325 0.256272 0.093491 0.020972
0 0.575148 0.493042 0.085207 0.021364
0 0.477515 0.579381 0.091124 0.022344
0 0.620118 0.376617 0.085207 0.020580
0 0.388757 0.346727 0.093491 0.022344
0 0.662130 0.520580 0.091124 0.021168
0 0.543787 0.140729 0.093491 0.021952
0 0.348521 0.897197 0.088757 0.020188
0 0.075148 0.375833 0.074556 0.020972
0 0.630178 0.078401 0.088757 0.020776
0 0.927219 0.200804 0.093491 0.022148
0 0.607692 0.170423 0.093491 0.022540
0 0.917751 0.347609 0.091124 0.021756
0 0.883432 0.692964 0.095858 0.022540
0 0.411243 0.492160 0.088757 0.019600
