0 0.344027 0.135647 0.086283 0.025237
0 0.745022 0.694598 0.085177 0.021293
0 0.623894 0.344046 0.081858 0.022082
0 0.637721 0.045347 0.089602 0.021293
0 0.444690 0.868297 0.086283 0.021688
0 0.606748 0.550079 0.082965 0.020899
0 0.598451 0.518632 0.090708 0.021491
0 0.189712 0.516463 0.087389 0.022279
0 0.057522 0.720229 0.086283 0.020899
0 0.475111 0.898561 0.085177 0.021491
0 0.071350 0.576006 0.094027 0.020308
0 0.528761 0.781151 0.084071 0.021688
0 0.705199 0.374014 0.080752 0.021688
0 0.775996 0.576696 0.089602 0.022476
0 0.609513 0.985706 0.081858 0.022674
0 0.794801 0.460371 0.085177 0.020110
0 0.092367 0.343060 0.085177 0.020110
0 0.560841 0.165615 0.086283 0.021688
0 0.517146 0.751084 0.087389 0.021885
0 0.592367 0.136041 0.085177 0.022871
0 0.047013 0.955836 0.089602 0.022871
0 0.183628 0.750099 0.081858 0.023462
0 0.205752 0.692035 0.086283 0.020899
0 0.496681 0.014590 0.081858 0.020899
0 0.447456 0.461258 0.080752 0.022674
0 0.250553 0.810627 0.087389 0.021885
0 0.477876 0.578667 0.088496 0.022871
