0 0.911429 0.015347 0.039125 0.026904
0 0.434381 0.025388 0.038201 0.030315
0 0.854436 0.107143 0.042206 0.029746
0 0.734750 0.108280 0.045595 0.028609
0 0.796519 0.061955 0.046519 0.030315
0 0.477665 0.069344 0.048367 0.030315
0 0.525262 0.111974 0.043130 0.026904
0 0.148799 0.072944 0.041898 0.028041
0 0.228281 0.159530 0.041898 0.027283
0 0.133857 0.200834 0.036044 0.026525
0 0.150185 0.241758 0.039125 0.025388
0 0.529113 0.278136 0.044670 0.027283
0 0.628620 0.234748 0.042822 0.028041
0 0.310536 0.279367 0.040049 0.026336
0 0.770333 0.193444 0.046519 0.027662
0 0.922982 0.234369 0.041898 0.025767
0 0.918053 0.313945 0.045595 0.030315
0 0.464110 0.321144 0.036661 0.026904
0 0.316697 0.364437 0.037585 0.028230
0 0.464572 0.364816 0.037585 0.025578
0 0.176217 0.409625 0.046211 0.025767
0 0.605052 0.404036 0.043130 0.027094
0 0.764941 0.402330 0.039433 0.025957
0 0.249384 0.450549 0.038509 0.025388
0 0.390943 0.449223 0.041898 0.028041
0 0.473814 0.533535 0.041898 0.027662
0 0.209489 0.534293 0.044978 0.028041
0 0.454713 0.575976 0.040049 0.026904
0 0.886014 0.569818 0.042514 0.024820
0 0.548675 0.619742 0.040049 0.025767
0 0.498922 0.662088 0.040974 0.027473
0 0.655114 0.748105 0.044670 0.028230
0 0.200246 0.841417 0.043746 0.026525
0 0.578866 0.932645 0.043746 0.027473
0 0.964880 0.975843 0.041898 0.027473
0 0.597967 0.883479 0.042514 0.029178
0 0.083487 0.665214 0.037585 0.026904
0 0.084104 0.621448 0.043746 0.029178
0 0.158195 0.885942 0.038509 0.026904
0 0.813771 0.529651 0.042822 0.027851
0 0.776494 0.488443 0.038509 0.026525
0 0.574399 0.574460 0.040357 0.026146
0 0.051756 0.535998 0.033272 0.026904
0 0.043438 0.410193 0.034504 0.026904
0 0.042668 0.886321 0.040357 0.026525
0 0.921750 0.150720 0.041282 0.029746
0 0.053142 0.322660 0.039741 0.025388
