0 0.369488 0.115946 0.035039 0.030346
0 0.715157 0.432007 0.034252 0.032064
0 0.282677 0.870169 0.031496 0.031205
0 0.818898 0.962783 0.034646 0.029201
0 0.160039 0.868881 0.035039 0.029774
0 0.361614 0.731892 0.031102 0.040939
0 0.333858 0.780847 0.033858 0.034068
0 0.521457 0.023476 0.032677 0.029201
0 0.580118 0.829230 0.033465 0.031205
0 0.568307 0.163040 0.031890 0.033496
0 0.455512 0.518179 0.036220 0.032064
0 0.329724 0.022330 0.030315 0.030346
0 0.927165 0.523905 0.032283 0.028629
0 0.745276 0.116089 0.030709 0.028915
0 0.329724 0.022330 0.030315 0.030346
0 0.345276 0.656885 0.035433 0.030060
0 0.138976 0.021042 0.033071 0.031778
0 0.219488 0.428858 0.035039 0.032637
0 0.513386 0.871743 0.037795 0.031492
0 0.801772 0.918695 0.035039 0.028056
0 0.455512 0.518179 0.036220 0.032064
0 0.361614 0.731892 0.031102 0.040939
0 0.751772 0.962783 0.033465 0.028629
0 0.286811 0.429573 0.033465 0.032350
0 0.282677 0.870169 0.031496 0.031205
0 0.162795 0.247638 0.031102 0.038362
0 0.906299 0.832665 0.033071 0.032350
0 0.969291 0.564415 0.029921 0.028342
0 0.745276 0.116089 0.030709 0.028915
0 0.628543 0.116519 0.035039 0.030346
0 0.138976 0.021042 0.033071 0.031778
0 0.934646 0.790581 0.032283 0.027197
0 0.693110 0.608646 0.038189 0.029774
0 0.934646 0.790581 0.032283 0.027197
0 0.382087 0.070856 0.035039 0.031205
0 0.611220 0.964357 0.032677 0.030633
0 0.322441 0.609791 0.037008 0.032637
0 0.906299 0.832665 0.033071 0.032350
0 0.580118 0.829230 0.033465 0.031205
0 0.230906 0.738620 0.050000 0.030346
0 0.191142 0.340109 0.032677 0.032064
0 0.286811 0.429573 0.033465 0.032350
0 0.797638 0.699399 0.036220 0.031492
0 0.421457 0.965789 0.034252 0.028342
0 0.707480 0.520899 0.034646 0.031205
0 0.190354 0.827369 0.031102 0.030919
0 0.436220 0.827798 0.035433 0.030633
0 0.319291 0.701689 0.036220 0.034354
0 0.715157 0.432007 0.034252 0.032064
0 0.162795 0.247638 0.031102 0.038362
0 0.700591 0.117950 0.032677 0.029774
0 0.443504 0.428571 0.031890 0.029201
0 0.322441 0.609791 0.037008 0.032637
0 0.182874 0.160321 0.028740 0.026911
0 0.235236 0.915689 0.035827 0.032923
0 0.235236 0.915689 0.035827 0.032923
0 0.436220 0.827798 0.035433 0.030633
0 0.221457 0.022330 0.031890 0.028056
0 0.310433 0.162325 0.033465 0.030919
0 0.345276 0.656885 0.035433 0.030060
0 0.801772 0.918695 0.035039 0.028056
0 0.651772 0.431577 0.032677 0.028915
0 0.568307 0.163040 0.031890 0.033496
0 0.230906 0.738620 0.050000 0.030346
0 0.382087 0.070856 0.035039 0.031205
0 0.421457 0.965789 0.034252 0.028342
0 0.333858 0.780847 0.033858 0.034068
0 0.648819 0.302891 0.034646 0.033209
0 0.648819 0.302891 0.034646 0.033209
0 0.140551 0.781134 0.032283 0.031778
0 0.505118 0.609648 0.035433 0.033496
0 0.310433 0.162325 0.033465 0.030919
0 0.605906 0.071142 0.034646 0.030060
0 0.707480 0.339823 0.034646 0.031492
0 0.969291 0.564415 0.029921 0.028342
0 0.852953 0.830804 0.038976 0.031492
0 0.693110 0.608646 0.038189 0.029774
0 0.221457 0.022330 0.031890 0.028056
0 0.369488 0.115946 0.035039 0.030346
0 0.140551 0.781134 0.032283 0.031778
0 0.190354 0.827369 0.031102 0.030919
0 0.927165 0.523905 0.032283 0.028629
0 0.797638 0.699399 0.036220 0.031492
0 0.505118 0.609648 0.035433 0.033496
0 0.513386 0.871743 0.037795 0.031492
0 0.707480 0.520899 0.034646 0.031205
0 0.611220 0.964357 0.032677 0.030633
0 0.521457 0.023476 0.032677 0.029201
0 0.191142 0.340109 0.032677 0.032064
0 0.628543 0.116519 0.035039 0.030346
0 0.852953 0.830804 0.038976 0.031492
0 0.160039 0.868881 0.035039 0.029774
0 0.751772 0.962783 0.033465 0.028629
0 0.700591 0.117950 0.032677 0.029774
0 0.182874 0.160321 0.028740 0.026911
0 0.219488 0.428858 0.035039 0.032637
0 0.707480 0.339823 0.034646 0.031492
0 0.605906 0.071142 0.034646 0.030060
0 0.319291 0.701689 0.036220 0.034354
0 0.443504 0.428571 0.031890 0.029201
0 0.818898 0.962783 0.034646 0.029201
0 0.651772 0.431577 0.032677 0.028915
