0 0.944608 0.017942 0.093137 0.019773
0 0.927451 0.695899 0.090196 0.020139
0 0.353431 0.543757 0.093137 0.020505
0 0.930392 0.393079 0.090196 0.020871
0 0.427941 0.635390 0.091176 0.020688
0 0.940686 0.146009 0.093137 0.019224
0 0.271569 0.972995 0.094118 0.021055
0 0.807843 0.911479 0.092157 0.020322
0 0.922549 0.424387 0.094118 0.019773
0 0.930882 0.882094 0.093137 0.020871
0 0.470098 0.514830 0.095098 0.020871
0 0.127451 0.756866 0.086275 0.020871
0 0.934314 0.850970 0.090196 0.020871
0 0.124020 0.513365 0.091176 0.020871
0 0.788725 0.973911 0.097059 0.021421
0 0.522549 0.175394 0.096078 0.022336
0 0.360294 0.360216 0.095098 0.023252
0 0.480392 0.014189 0.094118 0.021421
0 0.641176 0.175760 0.096078 0.024167
0 0.124020 0.359850 0.091176 0.019590
0 0.239216 0.204138 0.094118 0.022336
0 0.783824 0.048517 0.089216 0.020505
0 0.656373 0.484072 0.093137 0.021238
0 0.710784 0.237825 0.088235 0.022336
0 0.949020 0.517851 0.086275 0.021421
0 0.646078 0.111864 0.096078 0.023435
0 0.935784 0.302087 0.093137 0.019773
0 0.163235 0.108385 0.095098 0.020505
0 0.286765 0.300073 0.097059 0.023068
0 0.299020 0.574423 0.088235 0.019590
0 0.082353 0.422281 0.082353 0.020322
0 0.941667 0.607378 0.085294 0.021787
0 0.182843 0.692054 0.089216 0.021238
0 0.620588 0.693977 0.088235 0.020688
0 0.648039 0.727938 0.094118 0.021238
0 0.568627 0.789271 0.090196 0.020871
0 0.457843 0.788539 0.098039 0.020871
0 0.546078 0.818565 0.090196 0.020505
0 0.087745 0.788081 0.087255 0.020688
0 0.428431 0.880996 0.090196 0.020871
0 0.194118 0.911113 0.094118 0.022519
