0 0.751304 0.019181 0.073043 0.021025
0 0.374783 0.017798 0.083478 0.020841
0 0.608696 0.050719 0.083478 0.019919
0 0.912174 0.085485 0.081739 0.021210
0 0.179130 0.081520 0.081739 0.019550
0 0.266957 0.116378 0.086957 0.021763
0 0.910000 0.118222 0.080870 0.021763
0 0.910000 0.149852 0.086087 0.020841
0 0.392609 0.179823 0.084348 0.021763
0 0.196957 0.241516 0.082609 0.022316
0 0.753043 0.243821 0.088696 0.021763
0 0.852174 0.275452 0.080000 0.020841
0 0.419130 0.272870 0.083478 0.021210
0 0.555217 0.303578 0.084348 0.023608
0 0.626522 0.335946 0.082609 0.019734
0 0.271739 0.428993 0.087826 0.021394
0 0.157826 0.489211 0.080870 0.020472
0 0.675652 0.524161 0.083478 0.019550
0 0.912174 0.584655 0.078261 0.021394
0 0.604348 0.613427 0.088696 0.021763
0 0.908261 0.647178 0.075652 0.019919
0 0.866522 0.676964 0.084348 0.021948
0 0.625652 0.708410 0.086087 0.020657
0 0.907826 0.709240 0.078261 0.021579
0 0.906957 0.739856 0.076522 0.019366
0 0.230000 0.768720 0.084348 0.021025
0 0.655652 0.831981 0.083478 0.019919
0 0.753478 0.831059 0.082609 0.020288
0 0.848696 0.861306 0.081739 0.020657
0 0.632174 0.924567 0.076522 0.021763
0 0.905652 0.988565 0.072174 0.020288
0 0.112609 0.830413 0.075652 0.019734
0 0.814348 0.891553 0.087826 0.019919
