0 0.618983 0.076902 0.093551 0.021867
0 0.710718 0.729787 0.084469 0.021499
0 0.124432 0.173190 0.110808 0.020764
0 0.076294 0.109427 0.087193 0.023337
0 0.846957 0.641676 0.080836 0.021683
0 0.471390 0.486126 0.081744 0.020029
0 0.116712 0.422914 0.126249 0.021867
0 0.458674 0.607497 0.079927 0.020213
0 0.223433 0.851893 0.078111 0.020213
0 0.182561 0.945149 0.081744 0.021867
0 0.478202 0.545296 0.084469 0.020764
0 0.480018 0.175211 0.089918 0.022234
0 0.214805 0.299430 0.084469 0.021132
0 0.721163 0.486402 0.079927 0.020213
0 0.542234 0.760658 0.078111 0.020397
0 0.163942 0.328188 0.082652 0.020581
0 0.366939 0.142043 0.083560 0.020213
0 0.468665 0.729511 0.079927 0.020213
0 0.572207 0.515803 0.085377 0.020581
0 0.812443 0.362551 0.084469 0.021683
0 0.376476 0.075983 0.086285 0.020764
0 0.364668 0.978592 0.086285 0.021499
0 0.688465 0.854741 0.083560 0.018927
0 0.184378 0.205531 0.087193 0.020764
0 0.861944 0.394983 0.085377 0.021132
0 0.376930 0.668504 0.079927 0.020581
0 0.288374 0.822767 0.084469 0.021132
0 0.319255 0.299982 0.086285 0.021132
0 0.665304 0.175671 0.089918 0.021316
0 0.458220 0.046490 0.088102 0.021683
0 0.686649 0.014517 0.089010 0.022051
0 0.583106 0.013598 0.085377 0.020581
0 0.823797 0.670158 0.078111 0.021316
0 0.145777 0.012036 0.079019 0.019294
0 0.275658 0.330301 0.088102 0.021867
0 0.359673 0.238699 0.085377 0.020581
