0 0.480858 0.425168 0.047509 0.024324
0 0.494234 0.673740 0.035517 0.022090
0 0.689345 0.505460 0.054889 0.034500
0 0.449723 0.376520 0.052583 0.023331
0 0.947186 0.629064 0.047509 0.032514
0 0.508764 0.976173 0.044280 0.022834
0 0.845710 0.380988 0.042897 0.023827
0 0.953413 0.075949 0.044280 0.022338
0 0.636301 0.851328 0.046587 0.023331
0 0.731780 0.718416 0.044742 0.023579
0 0.353782 0.074708 0.044280 0.025813
0 0.094096 0.421320 0.047970 0.022090
0 0.697648 0.549516 0.042897 0.023827
0 0.934502 0.848598 0.053506 0.023331
0 0.925969 0.588483 0.051199 0.022834
0 0.626614 0.931869 0.048432 0.022586
0 0.605397 0.675478 0.045664 0.023579
0 0.751845 0.120501 0.049815 0.024075
0 0.771679 0.590097 0.047970 0.024572
0 0.972325 0.891785 0.045203 0.024324
0 0.323339 0.508315 0.065498 0.022834
0 0.790590 0.297841 0.042435 0.024324
0 0.546356 0.935344 0.049354 0.022586
0 0.559502 0.257012 0.045203 0.022586
0 0.762685 0.467610 0.047509 0.023331
0 0.045434 0.719285 0.050277 0.024324
0 0.391375 0.589104 0.040129 0.022586
0 0.953644 0.030156 0.045664 0.023579
0 0.668819 0.296724 0.046125 0.023083
0 0.277214 0.165302 0.045203 0.020849
0 0.966328 0.380119 0.046125 0.024075
0 0.251614 0.588235 0.044742 0.023331
0 0.148293 0.116034 0.048432 0.024572
0 0.943035 0.549020 0.047509 0.024820
0 0.801199 0.257136 0.047048 0.022834
0 0.267989 0.629437 0.047048 0.023331
0 0.127306 0.204145 0.043358 0.024572
0 0.929197 0.257384 0.042897 0.023331
0 0.973017 0.802556 0.048432 0.022090
0 0.578875 0.550757 0.042435 0.023331
0 0.619004 0.975800 0.052583 0.023579
0 0.810424 0.074584 0.047970 0.025068
0 0.240775 0.027054 0.054428 0.025316
0 0.541513 0.380367 0.046125 0.025565
0 0.610009 0.169521 0.046587 0.024324
0 0.269373 0.333457 0.050738 0.023083
0 0.200876 0.509183 0.064114 0.024075
0 0.958256 0.172623 0.041974 0.023083
0 0.598939 0.629188 0.046587 0.024324
0 0.580720 0.467486 0.042435 0.023083
0 0.184041 0.938074 0.065498 0.027054
0 0.215406 0.252668 0.047048 0.022338
0 0.748155 0.628320 0.045203 0.024075
0 0.915129 0.123480 0.044280 0.023083
0 0.456411 0.167287 0.043819 0.021842
0 0.289668 0.898114 0.048893 0.023579
0 0.280904 0.204393 0.045203 0.023083
0 0.648985 0.213204 0.043358 0.022834
0 0.761762 0.934971 0.048432 0.023827
0 0.210101 0.716059 0.056734 0.022834
0 0.569880 0.120750 0.050277 0.025068
0 0.521910 0.758873 0.040129 0.027550
0 0.801661 0.026682 0.047970 0.025565
0 0.541513 0.027923 0.047970 0.024572
0 0.536439 0.802805 0.051661 0.022586
0 0.394142 0.252792 0.049354 0.024572
