0 0.967613 0.063565 0.030044 0.027044
0 0.852674 0.063245 0.028942 0.028109
0 0.804162 0.199957 0.031698 0.029387
0 0.735116 0.246806 0.030871 0.028109
0 0.676819 0.295358 0.030044 0.029387
0 0.923925 0.336563 0.025910 0.031729
0 0.794653 0.473595 0.038037 0.033220
0 0.763920 0.927917 0.031147 0.033859
0 0.429576 0.752875 0.029493 0.029600
0 0.603776 0.654600 0.027839 0.032368
0 0.443633 0.428024 0.032800 0.031090
0 0.611907 0.431644 0.029217 0.031516
0 0.492834 0.380963 0.031422 0.031942
0 0.581036 0.247338 0.030320 0.034710
0 0.075110 0.068250 0.025634 0.028322
0 0.173098 0.113501 0.029217 0.033220
0 0.136852 0.156836 0.030595 0.032581
0 0.187018 0.203258 0.028942 0.031303
0 0.201075 0.245315 0.026736 0.028961
0 0.142916 0.381921 0.030044 0.030877
0 0.084482 0.609348 0.030595 0.034710
0 0.112321 0.701342 0.031147 0.030877
0 0.143054 0.928556 0.031974 0.028322
0 0.291896 0.338905 0.028115 0.031729
0 0.324835 0.293974 0.028390 0.028322
0 0.662073 0.153748 0.028666 0.030664
0 0.937569 0.749361 0.031698 0.037053
0 0.369763 0.114353 0.031698 0.030239
0 0.318633 0.473595 0.031422 0.031516
0 0.362596 0.475618 0.028390 0.030877
0 0.742558 0.019378 0.029768 0.031090
