0 0.132501 0.787442 0.030566 0.023972
0 0.347729 0.026171 0.036455 0.027271
0 0.359787 0.697383 0.033651 0.025071
0 0.398345 0.522322 0.032810 0.027271
0 0.533090 0.920167 0.035895 0.025511
0 0.280006 0.250165 0.033932 0.029690
0 0.886848 0.834946 0.033371 0.027051
0 0.351514 0.919068 0.037297 0.027271
0 0.502384 0.209149 0.033932 0.026831
0 0.311694 0.339015 0.032249 0.028810
0 0.905777 0.300308 0.034773 0.031009
0 0.810712 0.117110 0.035895 0.027051
0 0.604739 0.877062 0.033932 0.023752
0 0.928632 0.343193 0.034492 0.028370
0 0.575855 0.478337 0.031688 0.025951
0 0.215367 0.386079 0.033651 0.025731
0 0.208497 0.874973 0.035053 0.031009
0 0.806225 0.209369 0.034773 0.031229
0 0.143859 0.251814 0.034212 0.025951
0 0.870864 0.390037 0.035053 0.027051
0 0.140774 0.024742 0.031969 0.026171
0 0.487801 0.071806 0.032810 0.026611
0 0.332165 0.873873 0.036736 0.025731
0 0.734717 0.027051 0.035334 0.026831
0 0.118480 0.071696 0.031688 0.029030
0 0.561834 0.166373 0.034492 0.028810
0 0.552440 0.653178 0.034212 0.025071
0 0.795429 0.434242 0.034492 0.026171
