0 0.533020 0.029314 0.044444 0.031504
0 0.286228 0.029001 0.045383 0.035051
0 0.024726 0.033695 0.041315 0.032339
0 0.861815 0.070415 0.030360 0.019403
0 0.159468 0.078448 0.032238 0.023367
0 0.548044 0.148341 0.030047 0.020864
0 0.823161 0.181410 0.031299 0.022324
0 0.507199 0.186731 0.033490 0.022116
0 0.376369 0.188817 0.030360 0.019612
0 0.612050 0.223034 0.029108 0.020864
0 0.781690 0.257146 0.029108 0.021490
0 0.313459 0.263509 0.029108 0.022116
0 0.453208 0.299186 0.030047 0.020864
0 0.138341 0.302212 0.028169 0.021490
0 0.161972 0.338410 0.033490 0.022950
0 0.125039 0.339140 0.032238 0.021490
0 0.669797 0.407156 0.031299 0.021490
0 0.440063 0.409869 0.028169 0.021490
0 0.332081 0.413520 0.028169 0.020864
0 0.771987 0.443146 0.030360 0.020864
0 0.654930 0.519195 0.030360 0.022324
0 0.485446 0.558627 0.032551 0.021490
0 0.604538 0.594930 0.032238 0.020238
0 0.685915 0.629147 0.027230 0.021490
0 0.494992 0.631233 0.029108 0.022741
0 0.116588 0.633632 0.030986 0.020864
0 0.616275 0.667953 0.033177 0.022324
0 0.648983 0.817233 0.030360 0.020864
0 0.593584 0.853223 0.032238 0.020238
0 0.543036 0.891195 0.028169 0.019403
0 0.897809 0.924160 0.033490 0.023576
0 0.644444 0.926977 0.031299 0.020864
0 0.481064 0.928855 0.031299 0.019612
