0 0.396694 0.059274 0.107438 0.034600
0 0.840909 0.098128 0.099174 0.031764
0 0.922521 0.177822 0.105372 0.033466
0 0.342975 0.175553 0.095041 0.035735
0 0.125000 0.172433 0.084711 0.036302
0 0.930785 0.217243 0.101240 0.032898
0 0.473140 0.256098 0.099174 0.032331
0 0.668388 0.337777 0.092975 0.033466
0 0.219008 0.378616 0.107438 0.033466
0 0.950413 0.419455 0.095041 0.034600
0 0.743802 0.461146 0.090909 0.032898
0 0.455579 0.458877 0.092975 0.030630
0 0.292355 0.459728 0.092975 0.031197
0 0.887397 0.538854 0.092975 0.032898
0 0.154959 0.538003 0.082645 0.035735
0 0.689050 0.662791 0.097107 0.031197
0 0.076446 0.664776 0.082645 0.035167
0 0.408058 0.822462 0.088843 0.030630
0 0.903926 0.859614 0.088843 0.031197
0 0.836777 0.899036 0.090909 0.029495
0 0.389463 0.905559 0.097107 0.034600
