0 0.513944 0.020912 0.079681 0.023026
0 0.808765 0.020677 0.079681 0.023496
0 0.318725 0.018797 0.083665 0.026316
0 0.175299 0.020442 0.087649 0.023026
0 0.892430 0.052162 0.087649 0.024436
0 0.171315 0.083647 0.091633 0.026316
0 0.589641 0.118421 0.091633 0.023496
0 0.453187 0.118421 0.089641 0.025376
0 0.758964 0.150846 0.083665 0.025376
0 0.452191 0.185385 0.091633 0.027726
0 0.735060 0.218750 0.091633 0.024906
0 0.487052 0.218045 0.093625 0.025376
0 0.239044 0.217810 0.079681 0.024906
0 0.234064 0.251410 0.089641 0.024436
0 0.810757 0.283835 0.095618 0.028195
0 0.625498 0.316494 0.083665 0.024906
0 0.916335 0.381814 0.095618 0.026786
0 0.677291 0.382284 0.087649 0.025846
0 0.482072 0.382989 0.083665 0.024436
0 0.341633 0.382754 0.089641 0.025846
0 0.853586 0.414004 0.085657 0.024436
0 0.224104 0.413299 0.077689 0.025846
0 0.856574 0.480028 0.083665 0.025846
0 0.914343 0.513863 0.095618 0.026786
0 0.395418 0.515742 0.093625 0.024906
0 0.253984 0.515273 0.081673 0.026786
0 0.876494 0.549107 0.083665 0.024906
0 0.669323 0.684445 0.091633 0.027726
0 0.308765 0.684211 0.091633 0.025376
0 0.199203 0.684445 0.095618 0.026786
0 0.922311 0.717105 0.095618 0.025376
0 0.606574 0.715461 0.097610 0.024906
0 0.604582 0.747415 0.089641 0.024906
0 0.744024 0.778900 0.097610 0.022086
0 0.316733 0.779840 0.083665 0.023966
0 0.429283 0.811795 0.089641 0.023966
0 0.748008 0.846570 0.093625 0.022086
0 0.498008 0.844455 0.091633 0.025376
0 0.521912 0.878759 0.091633 0.025376
0 0.312749 0.913064 0.091633 0.023496
0 0.433267 0.944549 0.093625 0.026316
0 0.837649 0.976269 0.105578 0.025846
0 0.481076 0.978383 0.085657 0.027256
0 0.112550 0.979088 0.105578 0.025846
