0 0.431776 0.020370 0.082243 0.026852
0 0.265421 0.021528 0.089720 0.028241
0 0.437383 0.052778 0.085981 0.027778
0 0.273832 0.055093 0.080374 0.026852
0 0.492523 0.120370 0.087850 0.025926
0 0.464486 0.152546 0.087850 0.025463
0 0.190654 0.254861 0.089720 0.027315
0 0.735514 0.285417 0.076636 0.025463
0 0.751402 0.315741 0.089720 0.025926
0 0.603738 0.316898 0.089720 0.026389
0 0.498131 0.316204 0.084112 0.029630
0 0.354206 0.383333 0.087850 0.026852
0 0.663551 0.448380 0.093458 0.026389
0 0.751402 0.481944 0.089720 0.026852
0 0.557009 0.553009 0.082243 0.025463
0 0.957009 0.586574 0.082243 0.025000
0 0.573832 0.585417 0.089720 0.028241
0 0.956075 0.617824 0.084112 0.026389
0 0.209346 0.652778 0.115888 0.024074
0 0.957944 0.685880 0.084112 0.028241
0 0.565421 0.685880 0.084112 0.027315
0 0.954206 0.719444 0.091589 0.026852
0 0.690654 0.750694 0.084112 0.025463
0 0.230841 0.752083 0.076636 0.028241
0 0.646729 0.782639 0.089720 0.027315
0 0.182243 0.817130 0.057944 0.027778
0 0.581308 0.850926 0.093458 0.025926
0 0.920561 0.949537 0.087850 0.025926
0 0.737383 0.982870 0.084112 0.024074
