0 0.434085 0.018441 0.070252 0.021247
0 0.253252 0.017438 0.067650 0.019242
0 0.428448 0.046803 0.074588 0.021848
0 0.404163 0.074364 0.069384 0.020044
0 0.582827 0.129485 0.069384 0.020044
0 0.348222 0.130587 0.068517 0.020645
0 0.606245 0.156845 0.065915 0.020645
0 0.913270 0.185107 0.069384 0.019844
0 0.765395 0.183704 0.068517 0.019443
0 0.665655 0.211265 0.070252 0.019643
0 0.264961 0.214672 0.068517 0.019242
0 0.533825 0.242834 0.070252 0.020245
0 0.109280 0.242634 0.067650 0.020245
0 0.462272 0.270896 0.072853 0.019844
0 0.338248 0.271297 0.065915 0.020245
0 0.338248 0.301363 0.071119 0.020245
0 0.075455 0.299559 0.060711 0.021046
0 0.199480 0.329525 0.071119 0.021247
0 0.877710 0.382040 0.069384 0.018841
0 0.771466 0.383043 0.070252 0.020044
0 0.309193 0.385849 0.071986 0.020044
0 0.500000 0.412508 0.068517 0.019643
0 0.393322 0.413610 0.071986 0.021046
0 0.575889 0.441371 0.069384 0.019643
0 0.426713 0.497595 0.071119 0.019844
0 0.815265 0.524153 0.069384 0.018040
0 0.518647 0.524053 0.069384 0.017839
0 0.437988 0.524253 0.069384 0.019042
0 0.574588 0.553217 0.066782 0.019643
0 0.726800 0.581078 0.071119 0.018841
0 0.925846 0.608038 0.065048 0.020245
0 0.142238 0.610443 0.072853 0.023452
0 0.930616 0.636300 0.074588 0.021848
0 0.364267 0.635197 0.069384 0.020445
0 0.631396 0.664863 0.074588 0.021648
0 0.488291 0.692423 0.069384 0.020245
0 0.333912 0.692423 0.072853 0.020645
0 0.158283 0.695430 0.101474 0.021848
0 0.643972 0.750351 0.068517 0.018240
0 0.876843 0.778713 0.071119 0.020445
0 0.777971 0.809180 0.067650 0.020044
0 0.457069 0.833634 0.067650 0.019242
0 0.322637 0.835638 0.069384 0.020445
0 0.397225 0.861094 0.065915 0.021648
0 0.745013 0.892664 0.065915 0.019042
0 0.575022 0.891161 0.067650 0.019643
0 0.522550 0.918421 0.070252 0.020445
0 0.934085 0.953498 0.065915 0.020445
0 0.459670 0.947184 0.069384 0.019443
0 0.647875 0.976148 0.067650 0.018841
