0 0.550360 0.041935 0.070144 0.018705
0 0.348022 0.043142 0.073741 0.019912
0 0.692446 0.070193 0.068345 0.020515
0 0.221223 0.072003 0.071942 0.020917
0 0.181655 0.101167 0.066547 0.018906
0 0.907824 0.071802 0.072842 0.020113
0 0.520234 0.125905 0.071043 0.018906
0 0.862410 0.154767 0.070144 0.018302
0 0.455486 0.153761 0.072842 0.018302
0 0.684802 0.181215 0.071043 0.018906
0 0.601619 0.180611 0.071942 0.017699
0 0.639838 0.237932 0.069245 0.017699
0 0.343076 0.268302 0.069245 0.019308
0 0.267986 0.269409 0.071942 0.019509
0 0.720773 0.295052 0.072842 0.020113
0 0.636691 0.295153 0.071942 0.019912
0 0.529227 0.295857 0.069245 0.020113
0 0.240558 0.298974 0.071043 0.018705
0 0.113759 0.297466 0.098022 0.019308
0 0.593525 0.379626 0.068345 0.019912
0 0.412770 0.381436 0.070144 0.019509
0 0.327338 0.382039 0.068345 0.020716
0 0.187050 0.411303 0.070144 0.019308
0 0.086781 0.410901 0.063849 0.018906
0 0.761691 0.437953 0.071942 0.020314
0 0.782374 0.466311 0.075540 0.019912
0 0.697842 0.465306 0.071942 0.019509
0 0.586331 0.466010 0.073741 0.020515
0 0.482014 0.467518 0.073741 0.021118
0 0.175809 0.467619 0.063849 0.020113
0 0.289568 0.495877 0.070144 0.017900
0 0.388040 0.553198 0.072842 0.019509
0 0.700090 0.580652 0.072842 0.018101
0 0.126799 0.581154 0.100719 0.021118
0 0.933903 0.605189 0.071043 0.019710
0 0.848022 0.631838 0.073741 0.017096
0 0.552158 0.635760 0.071942 0.020113
0 0.669514 0.687450 0.071043 0.018504
0 0.259442 0.692578 0.071043 0.018705
0 0.094424 0.693584 0.066547 0.018705
0 0.452788 0.746983 0.071043 0.019710
0 0.741007 0.778862 0.070144 0.019912
0 0.932104 0.808930 0.074640 0.019710
0 0.571942 0.808327 0.071942 0.020113
0 0.264838 0.835680 0.069245 0.020113
0 0.531924 0.866653 0.071043 0.020917
0 0.885342 0.892800 0.071043 0.018504
0 0.459083 0.894208 0.069245 0.019710
0 0.738759 0.922164 0.067446 0.017699
0 0.139838 0.923069 0.069245 0.020716
0 0.845324 0.948813 0.071942 0.021118
0 0.758543 0.948311 0.065647 0.016895
0 0.632644 0.949618 0.074640 0.018302
0 0.785971 0.976770 0.071942 0.019107
