0 0.789272 0.015450 0.080460 0.020329
0 0.260057 0.074304 0.085249 0.022159
0 0.850575 0.127872 0.080460 0.019923
0 0.667625 0.128278 0.076628 0.019923
0 0.369732 0.128685 0.078544 0.020329
0 0.319923 0.185708 0.078544 0.019313
0 0.683908 0.212035 0.076628 0.019110
0 0.382184 0.213560 0.080460 0.019313
0 0.728448 0.240293 0.073755 0.019923
0 0.076628 0.240801 0.070881 0.018906
0 0.591475 0.298841 0.075670 0.018296
0 0.105364 0.325879 0.072797 0.018703
0 0.920977 0.356068 0.071839 0.019313
0 0.797893 0.356780 0.070881 0.019110
0 0.217912 0.355153 0.075670 0.019110
0 0.923372 0.384529 0.076628 0.019313
0 0.252395 0.383005 0.075670 0.018296
0 0.117816 0.381683 0.072797 0.019313
0 0.869732 0.413092 0.072797 0.020736
0 0.382663 0.411872 0.071839 0.019516
0 0.422414 0.441858 0.078544 0.019719
0 0.761973 0.497052 0.077586 0.019110
0 0.642241 0.498780 0.071839 0.019313
0 0.721264 0.553974 0.074713 0.019923
0 0.739464 0.583655 0.074713 0.019923
0 0.700192 0.639358 0.074713 0.019110
0 0.555556 0.638443 0.080460 0.018093
0 0.310824 0.665887 0.077586 0.021346
0 0.244732 0.696686 0.075670 0.021143
0 0.113027 0.696890 0.074713 0.020736
0 0.516762 0.723724 0.075670 0.020329
0 0.370690 0.724436 0.072797 0.020939
0 0.331897 0.786542 0.073755 0.019923
0 0.665230 0.844582 0.071839 0.021346
0 0.637931 0.873856 0.080460 0.019313
0 0.934866 0.901809 0.076628 0.020329
0 0.629310 0.930270 0.082375 0.019516
0 0.472701 0.958935 0.079502 0.017483
0 0.276341 0.960053 0.075670 0.019313
0 0.688697 0.984448 0.078544 0.018906
