0 0.796727 0.037687 0.065461 0.021413
2 0.734711 0.009743 0.087855 0.017773
2 0.798880 0.069700 0.085271 0.015632
4 0.472007 0.011135 0.077519 0.017131
0 0.384582 0.011456 0.069767 0.019914
4 0.493109 0.040685 0.074935 0.020557
4 0.565461 0.071949 0.066322 0.016274
2 0.404823 0.044325 0.087855 0.016274
3 0.305340 0.012741 0.090439 0.016060
0 0.326012 0.043790 0.066322 0.022056
0 0.071059 0.014240 0.057709 0.020771
4 0.208010 0.077409 0.068045 0.015632
1 0.142119 0.078587 0.055125 0.016274
1 0.324289 0.075910 0.059432 0.016060
0 0.203704 0.110385 0.069767 0.020771
4 0.283376 0.107495 0.074074 0.018844
1 0.062446 0.079657 0.052541 0.016274
4 0.085702 0.145717 0.066322 0.016488
4 0.221792 0.143041 0.064599 0.014989
0 0.306632 0.141649 0.062016 0.019058
1 0.480189 0.138865 0.064599 0.014775
0 0.482773 0.104390 0.066322 0.022056
3 0.693368 0.102998 0.084410 0.016274
0 0.770887 0.101178 0.065461 0.021199
1 0.819983 0.168951 0.058570 0.014133
3 0.742463 0.170128 0.087855 0.015632
4 0.623600 0.171842 0.060293 0.015632
3 0.495693 0.173233 0.085271 0.016702
0 0.111972 0.178908 0.080965 0.025054
1 0.180448 0.212206 0.062877 0.015418
0 0.267011 0.209850 0.068906 0.021842
0 0.301464 0.243255 0.067183 0.021842
3 0.439707 0.242719 0.088717 0.016060
0 0.533161 0.205460 0.063738 0.021199
2 0.720930 0.204390 0.087855 0.016916
4 0.671835 0.239829 0.075797 0.016702
0 0.817829 0.236081 0.066322 0.021199
3 0.800172 0.203212 0.089578 0.015418
1 0.821275 0.274411 0.059432 0.016060
2 0.584841 0.279229 0.079242 0.017987
0 0.506460 0.277730 0.074074 0.020557
4 0.331611 0.280621 0.065461 0.016488
4 0.087855 0.320343 0.056848 0.015846
1 0.326443 0.316595 0.063738 0.015203
0 0.570629 0.312420 0.068045 0.022270
4 0.653316 0.311670 0.059432 0.015632
0 0.489233 0.344433 0.070629 0.022056
1 0.658484 0.343897 0.066322 0.014989
3 0.356589 0.347966 0.087855 0.016702
2 0.276486 0.349358 0.080965 0.016916
1 0.182601 0.383298 0.056848 0.014989
4 0.120586 0.383940 0.079242 0.014989
0 0.294574 0.381156 0.065461 0.019700
0 0.441430 0.378587 0.071490 0.021842
0 0.826873 0.371627 0.065461 0.021199
0 0.751507 0.408030 0.066322 0.020343
1 0.454350 0.411991 0.062877 0.015846
0 0.308786 0.414882 0.071490 0.021627
2 0.240741 0.415418 0.078381 0.017131
3 0.198966 0.448715 0.086133 0.017345
0 0.277347 0.447323 0.068906 0.021413
1 0.462102 0.445717 0.061154 0.015632
1 0.538760 0.444861 0.062877 0.015203
4 0.657623 0.443683 0.066322 0.015846
1 0.717054 0.443469 0.066322 0.017131
0 0.838932 0.440043 0.074074 0.020985
0 0.796296 0.474411 0.066322 0.020343
3 0.702842 0.475803 0.086133 0.016702
2 0.625323 0.476552 0.080965 0.016060
1 0.206288 0.481263 0.066322 0.016060
1 0.111972 0.482334 0.063738 0.016060
2 0.176141 0.517773 0.069767 0.016702
0 0.479328 0.513062 0.076658 0.020557
1 0.726529 0.510707 0.071490 0.015846
0 0.850129 0.507495 0.067183 0.019700
0 0.858312 0.540257 0.066322 0.018844
1 0.675280 0.542612 0.072351 0.015846
1 0.601206 0.543148 0.065461 0.014775
0 0.539190 0.543041 0.074074 0.020557
2 0.475883 0.544647 0.080103 0.016488
1 0.332041 0.546039 0.061154 0.017559
2 0.872093 0.575161 0.081826 0.016274
1 0.503015 0.612527 0.062016 0.015203
3 0.424634 0.612634 0.091301 0.015846
1 0.126184 0.650535 0.059432 0.016702
4 0.317399 0.649465 0.069767 0.015418
3 0.487941 0.647966 0.083549 0.015846
0 0.743325 0.643683 0.074074 0.021413
3 0.824289 0.644111 0.082687 0.016274
2 0.789406 0.677409 0.081826 0.016488
0 0.718346 0.676660 0.077519 0.021842
0 0.888889 0.706103 0.065461 0.020343
1 0.540052 0.679764 0.065461 0.015203
1 0.451335 0.680835 0.070629 0.016060
3 0.214470 0.683084 0.091301 0.016702
3 0.831611 0.740792 0.083549 0.015632
1 0.540052 0.743469 0.063738 0.015418
1 0.310508 0.747002 0.061154 0.016060
1 0.383290 0.745931 0.065461 0.015632
1 0.358742 0.778908 0.068045 0.016060
3 0.260982 0.779229 0.087855 0.017559
2 0.184755 0.781156 0.083549 0.016702
0 0.252799 0.812527 0.066322 0.022056
3 0.185616 0.815203 0.074935 0.016702
4 0.558570 0.809957 0.068045 0.015632
1 0.618863 0.809529 0.061154 0.015632
3 0.910422 0.806103 0.089578 0.016060
0 0.749354 0.843683 0.072351 0.022270
3 0.661499 0.845075 0.103359 0.017345
2 0.580534 0.845717 0.080965 0.016916
2 0.220069 0.888544 0.068045 0.016916
0 0.394057 0.884904 0.068045 0.019914
2 0.792851 0.880300 0.080103 0.014989
0 0.722222 0.880621 0.066322 0.019914
1 0.921619 0.912741 0.063738 0.014775
0 0.642550 0.915096 0.060293 0.018201
3 0.568475 0.917238 0.082687 0.015203
0 0.288544 0.918308 0.070629 0.020343
4 0.161929 0.956317 0.067183 0.016702
1 0.217485 0.956317 0.061154 0.015418
0 0.460379 0.952784 0.073213 0.019486
3 0.673988 0.952141 0.086994 0.016488
4 0.830319 0.949251 0.065461 0.017559
1 0.932817 0.948501 0.058570 0.014775
0 0.899225 0.981585 0.072351 0.020985
1 0.571490 0.987901 0.064599 0.015632
4 0.513351 0.987794 0.065461 0.014989
0 0.369509 0.987901 0.072351 0.019914
3 0.288975 0.990578 0.093885 0.015846
0 0.820413 0.307281 0.071490 0.020128
1 0.706718 0.310921 0.055986 0.015418
0 0.770887 0.339186 0.063738 0.020128
1 0.834195 0.339936 0.059432 0.014775
1 0.607666 0.010385 0.062877 0.015203
5 0.512920 0.314240 0.062877 0.017773
5 0.826873 0.708244 0.067183 0.016916
0 0.638674 0.774625 0.068045 0.018201
4 0.577519 0.775482 0.062877 0.015203
5 0.738587 0.915310 0.068045 0.016060
5 0.832041 0.983512 0.070629 0.016702
5 0.663652 0.985653 0.061154 0.015418
5 0.395780 0.955032 0.073213 0.016702
5 0.339363 0.887045 0.058570 0.016060
5 0.329888 0.814133 0.077519 0.017131
5 0.406115 0.712420 0.071490 0.016702
5 0.117571 0.417559 0.076658 0.020557
5 0.378553 0.380728 0.066322 0.016274
5 0.389320 0.280407 0.067183 0.016488
5 0.239018 0.246146 0.068045 0.016916
5 0.647287 0.041328 0.059432 0.015418
1 0.724376 0.576445 0.063738 0.015418
