0 0.698634 0.010599 0.068901 0.021198
0 0.635940 0.060350 0.063935 0.023361
0 0.793917 0.107506 0.070764 0.026822
0 0.637182 0.108587 0.062694 0.024227
0 0.489137 0.110318 0.064556 0.025957
0 0.943824 0.148713 0.071384 0.024876
0 0.559590 0.149037 0.063935 0.027255
0 0.891061 0.193489 0.072626 0.024876
0 0.897890 0.274173 0.062694 0.026606
0 0.527933 0.362103 0.070143 0.027255
0 0.933892 0.360048 0.078833 0.027904
0 0.750776 0.402661 0.070143 0.026606
0 0.281192 0.488427 0.067039 0.027255
0 0.139975 0.619187 0.070143 0.026173
0 0.292986 0.616266 0.065798 0.027255
0 0.649286 0.683863 0.064556 0.027471
0 0.249224 0.693922 0.063935 0.030283
0 0.306021 0.857236 0.063315 0.027688
0 0.171322 0.859939 0.075729 0.026173
0 0.258845 0.900822 0.068281 0.026606
0 0.817815 0.895198 0.065177 0.027904
0 0.341713 0.940515 0.066418 0.026390
0 0.177840 0.943327 0.067660 0.026822
0 0.521726 0.978153 0.072626 0.025957
1 0.828988 0.195003 0.054004 0.023145
1 0.459652 0.279905 0.054004 0.023361
1 0.238672 0.240969 0.054004 0.022064
1 0.154252 0.242267 0.055245 0.024659
1 0.062384 0.244214 0.058970 0.025092
1 0.515518 0.278931 0.054004 0.020982
1 0.961825 0.014709 0.051521 0.022064
1 0.960894 0.065650 0.054624 0.022280
1 0.256052 0.111940 0.055245 0.023145
1 0.950962 0.194787 0.049659 0.022713
1 0.729050 0.195220 0.055245 0.025308
1 0.832402 0.318624 0.057107 0.022496
1 0.432651 0.321544 0.053383 0.022713
1 0.282123 0.365888 0.056487 0.022713
1 0.195220 0.366645 0.057728 0.023361
1 0.098696 0.368376 0.060832 0.025957
1 0.837989 0.445706 0.058349 0.023145
1 0.184047 0.451547 0.056487 0.022280
1 0.861266 0.567921 0.060211 0.023578
1 0.712291 0.569003 0.056487 0.023578
1 0.352576 0.572247 0.054624 0.024010
1 0.644631 0.616158 0.057728 0.022713
1 0.797641 0.648929 0.054624 0.020766
1 0.550279 0.655310 0.057728 0.022713
1 0.202359 0.657582 0.057107 0.023361
1 0.128492 0.691759 0.053383 0.022064
1 0.782744 0.728531 0.057107 0.023361
1 0.504966 0.731235 0.057728 0.023578
1 0.258225 0.820571 0.054624 0.025308
1 0.728430 0.855505 0.057728 0.022929
1 0.655493 0.897469 0.053383 0.021631
1 0.085661 0.944949 0.060832 0.024876
1 0.607076 0.729180 0.055866 0.022496
1 0.359404 0.689163 0.057107 0.022064
1 0.546865 0.487130 0.055866 0.021631
1 0.590627 0.362643 0.056487 0.022713
1 0.477343 0.857884 0.053383 0.023361
1 0.411235 0.857993 0.051521 0.022713
2 0.467101 0.011897 0.067660 0.022929
2 0.488206 0.320896 0.061453 0.022713
2 0.309745 0.409258 0.068281 0.027255
2 0.503724 0.450357 0.066418 0.026822
2 0.219429 0.490699 0.066418 0.024010
2 0.938237 0.445057 0.066418 0.023145
2 0.860956 0.526606 0.064556 0.026173
2 0.708256 0.651633 0.064556 0.021847
2 0.555245 0.773307 0.067660 0.024227
2 0.188082 0.735778 0.059590 0.024876
2 0.671012 0.855830 0.064556 0.022713
2 0.520174 0.900930 0.067039 0.025957
2 0.932961 0.898983 0.065798 0.028986
2 0.830230 0.685918 0.071384 0.026390
2 0.264122 0.283258 0.068901 0.028337
2 0.828678 0.276119 0.065798 0.022280
2 0.282433 0.452304 0.064556 0.025525
2 0.461204 0.942462 0.068281 0.027688
3 0.896027 0.063811 0.075109 0.022064
3 0.630043 0.010815 0.069522 0.020333
3 0.146182 0.064785 0.071384 0.021415
3 0.194910 0.112048 0.069522 0.022929
3 0.522346 0.195868 0.072626 0.022713
3 0.236499 0.407311 0.073246 0.023361
3 0.255742 0.572139 0.074488 0.022496
3 0.898821 0.682998 0.075729 0.022713
3 0.587834 0.897577 0.074488 0.022713
3 0.202980 0.980532 0.076971 0.022929
4 0.481378 0.060999 0.057728 0.023361
4 0.885164 0.148713 0.052142 0.022713
4 0.504035 0.150119 0.052142 0.025092
4 0.049969 0.066083 0.054004 0.022713
4 0.350714 0.364374 0.057107 0.023145
4 0.718498 0.485507 0.052762 0.021415
4 0.198324 0.572788 0.051521 0.024227
4 0.313780 0.732641 0.055245 0.022064
5 0.866543 0.014168 0.055866 0.020549
5 0.738361 0.060999 0.054004 0.022496
5 0.704842 0.108479 0.056487 0.026173
5 0.824643 0.149903 0.054004 0.024227
1 0.774364 0.568462 0.056487 0.024659
5 0.559280 0.816461 0.050900 0.026173
4 0.444444 0.616915 0.050900 0.021631
5 0.604283 0.569327 0.052762 0.023361
5 0.520795 0.528445 0.057107 0.023794
5 0.350714 0.529310 0.050900 0.025525
5 0.575109 0.450898 0.066418 0.032230
5 0.525760 0.405256 0.058349 0.023578
5 0.462446 0.195868 0.055866 0.023145
5 0.437616 0.152823 0.055866 0.024876
5 0.320919 0.110751 0.057107 0.024227
5 0.578212 0.062081 0.054004 0.024659
5 0.320919 0.061648 0.057107 0.024659
5 0.314401 0.012330 0.054004 0.021631
0 0.163563 0.152498 0.071384 0.025092
5 0.909683 0.769846 0.055245 0.024659
5 0.203290 0.904932 0.055245 0.024876
