3 0.927685 0.017529 0.068901 0.021119
3 0.639044 0.017846 0.070143 0.021753
4 0.426754 0.021014 0.054004 0.020908
4 0.195531 0.023865 0.052142 0.019852
2 0.129733 0.027350 0.060832 0.025977
2 0.065177 0.077614 0.068281 0.021331
2 0.286778 0.079409 0.064556 0.027033
4 0.469894 0.072334 0.058349 0.020486
2 0.557418 0.074129 0.064556 0.024921
4 0.718187 0.072439 0.050900 0.020697
2 0.935133 0.071489 0.058970 0.020908
2 0.891993 0.116262 0.062073 0.023020
0 0.393544 0.118796 0.063315 0.029356
1 0.182495 0.122281 0.050900 0.021964
4 0.097765 0.160190 0.051521 0.019219
1 0.200807 0.160084 0.055245 0.021119
3 0.442582 0.156705 0.078212 0.021542
4 0.654562 0.155016 0.062694 0.023231
3 0.780261 0.155121 0.076971 0.021753
3 0.888579 0.155438 0.071384 0.022809
1 0.774984 0.200317 0.060211 0.020486
2 0.327126 0.203801 0.067039 0.024921
1 0.264122 0.202218 0.056487 0.021753
1 0.220360 0.243295 0.054624 0.020697
0 0.160770 0.243506 0.059590 0.025766
0 0.562073 0.240021 0.065177 0.026399
1 0.817505 0.278353 0.054624 0.020697
2 0.381440 0.282999 0.061453 0.024921
3 0.312849 0.281732 0.072005 0.022386
1 0.164184 0.329039 0.056487 0.024921
0 0.223774 0.326294 0.058970 0.029567
3 0.290192 0.325026 0.073867 0.021964
0 0.418374 0.322070 0.060832 0.028300
3 0.578212 0.321753 0.068901 0.021331
3 0.846369 0.363041 0.073867 0.024921
3 0.636561 0.364625 0.073867 0.022598
0 0.928305 0.402851 0.070143 0.022175
2 0.781813 0.406653 0.070143 0.023020
1 0.716636 0.404752 0.061453 0.020063
0 0.613904 0.405385 0.064556 0.021753
0 0.503414 0.406758 0.064556 0.022809
0 0.365611 0.365576 0.069522 0.027455
2 0.292055 0.371489 0.067660 0.027878
1 0.258535 0.410771 0.055245 0.021542
0 0.164804 0.367793 0.063935 0.024710
3 0.138113 0.450475 0.072626 0.020275
0 0.297952 0.448680 0.067039 0.024287
4 0.710428 0.444034 0.054004 0.020063
3 0.887027 0.444562 0.075729 0.021964
0 0.934202 0.482788 0.067039 0.024076
3 0.800124 0.484794 0.073246 0.021331
0 0.724084 0.483633 0.068901 0.024076
1 0.663563 0.486589 0.052142 0.022809
1 0.565177 0.485850 0.055245 0.022598
3 0.414339 0.487117 0.070143 0.022175
3 0.207945 0.488068 0.073246 0.021964
3 0.109870 0.528405 0.072005 0.020275
1 0.174426 0.529250 0.053383 0.018585
0 0.331161 0.525766 0.066418 0.025132
2 0.450031 0.527666 0.068281 0.025977
0 0.652079 0.522809 0.062694 0.023865
2 0.775295 0.526716 0.064556 0.026610
0 0.847300 0.521119 0.062073 0.025132
3 0.886096 0.562196 0.068901 0.021119
1 0.944755 0.564203 0.048417 0.023442
2 0.821539 0.564836 0.068901 0.023020
4 0.692737 0.563041 0.054624 0.020275
1 0.633147 0.564625 0.050900 0.021753
0 0.130975 0.567687 0.070764 0.024076
2 0.130975 0.614889 0.059590 0.023865
4 0.260708 0.613305 0.050900 0.022809
0 0.396338 0.611404 0.063935 0.024921
3 0.560521 0.609820 0.075729 0.021753
1 0.709497 0.609609 0.052142 0.022598
1 0.803849 0.608448 0.050900 0.019852
0 0.863439 0.607075 0.065798 0.023865
3 0.934823 0.608448 0.072005 0.021119
3 0.936996 0.648680 0.071384 0.020908
0 0.934823 0.681521 0.069522 0.020697
3 0.803228 0.682577 0.072005 0.019852
2 0.621043 0.651109 0.068901 0.022386
0 0.730912 0.684794 0.067660 0.024287
1 0.670391 0.685216 0.053383 0.020908
1 0.575109 0.685744 0.050279 0.020275
4 0.511173 0.650370 0.050279 0.017951
1 0.560832 0.651214 0.055245 0.020063
3 0.423960 0.687223 0.069522 0.019430
0 0.312539 0.689018 0.065177 0.023442
0 0.224084 0.731890 0.065798 0.025554
3 0.401614 0.730517 0.075729 0.021119
1 0.335506 0.731996 0.058970 0.021964
0 0.766605 0.724393 0.070764 0.025343
0 0.851024 0.724393 0.072005 0.024498
0 0.937306 0.765259 0.064556 0.025554
0 0.673495 0.767899 0.072005 0.024076
2 0.605525 0.771067 0.067660 0.026188
0 0.459963 0.770116 0.064556 0.026822
1 0.174426 0.774762 0.055866 0.025132
3 0.138113 0.818374 0.072626 0.021964
4 0.479826 0.813833 0.050900 0.020908
0 0.626319 0.812460 0.063315 0.028722
3 0.880819 0.807920 0.070764 0.021331
1 0.945065 0.808131 0.056487 0.020908
0 0.788641 0.848891 0.066418 0.025554
0 0.629112 0.851954 0.063935 0.026188
0 0.481068 0.853960 0.064556 0.024710
3 0.181564 0.859979 0.078833 0.021964
1 0.248603 0.859873 0.055245 0.025132
1 0.065487 0.861457 0.052762 0.022386
0 0.153321 0.898944 0.069522 0.024710
4 0.495965 0.896093 0.052142 0.021964
0 0.553383 0.894826 0.061453 0.024498
4 0.885475 0.891658 0.049038 0.019852
0 0.940720 0.889546 0.066418 0.027033
1 0.945686 0.927878 0.058970 0.022598
0 0.881440 0.927983 0.067039 0.023654
1 0.816574 0.929778 0.057728 0.020486
1 0.715705 0.931679 0.052142 0.022598
3 0.514277 0.934952 0.073867 0.023231
2 0.558349 0.975818 0.065177 0.024710
0 0.420857 0.974234 0.065798 0.024921
2 0.097765 0.982893 0.061453 0.029567
1 0.159218 0.978141 0.056487 0.025977
5 0.739292 0.321119 0.057107 0.023020
5 0.874302 0.484900 0.054004 0.020697
5 0.729050 0.649525 0.057728 0.021753
5 0.874922 0.683633 0.052762 0.020275
5 0.746120 0.768321 0.057107 0.022386
5 0.724084 0.810348 0.055245 0.024921
5 0.700186 0.851109 0.054624 0.023654
5 0.826505 0.893031 0.058970 0.022598
5 0.455618 0.938015 0.055866 0.024287
5 0.441030 0.897994 0.054004 0.024921
5 0.360646 0.975607 0.059590 0.023865
5 0.314091 0.858184 0.053383 0.023020
5 0.313780 0.816262 0.057728 0.023654
5 0.309435 0.614150 0.058970 0.023231
4 0.387958 0.565892 0.052142 0.020063
5 0.372129 0.448786 0.054004 0.022809
5 0.362818 0.325449 0.055245 0.022809
5 0.112042 0.370855 0.055245 0.022386
5 0.144320 0.489546 0.060211 0.024921
5 0.070453 0.569483 0.060211 0.023865
5 0.067970 0.651531 0.054004 0.021542
5 0.174736 0.691552 0.055245 0.023020
5 0.163873 0.733685 0.058349 0.024498
5 0.571074 0.812777 0.052142 0.023020
