1 0.035309 0.502296 0.024198 0.023576
2 0.922469 0.595070 0.035556 0.021739
4 0.796296 0.792560 0.027160 0.022964
1 0.550123 0.279853 0.023704 0.020208
0 0.876049 0.562462 0.033580 0.022658
4 0.332840 0.412278 0.030617 0.021739
4 0.318025 0.345224 0.024691 0.020514
3 0.163210 0.836038 0.041975 0.021739
1 0.564691 0.665952 0.024198 0.018371
1 0.352593 0.970147 0.025679 0.020514
5 0.202963 0.281231 0.028642 0.025413
4 0.441235 0.669014 0.028148 0.019596
1 0.286667 0.731935 0.027160 0.021127
2 0.558519 0.930955 0.032593 0.019290
0 0.756049 0.793172 0.035556 0.025413
1 0.758765 0.865891 0.025185 0.018983
1 0.083210 0.726577 0.027160 0.020208
4 0.544691 0.606399 0.027654 0.021127
0 0.526667 0.344764 0.034074 0.023270
1 0.866173 0.794244 0.027654 0.020821
4 0.109136 0.175597 0.026667 0.021739
5 0.831111 0.084660 0.030617 0.021739
4 0.252840 0.022198 0.025679 0.021739
2 0.900000 0.208206 0.035062 0.020821
0 0.072593 0.244336 0.024691 0.025720
5 0.647654 0.665034 0.027160 0.023270
3 0.179506 0.936773 0.037037 0.021127
3 0.901975 0.057563 0.038025 0.022045
5 0.181481 0.343693 0.028148 0.022352
4 0.559506 0.344917 0.027654 0.021739
5 0.678765 0.376301 0.029136 0.023270
4 0.657778 0.504899 0.028642 0.019596
1 0.584938 0.539651 0.026173 0.020514
1 0.878272 0.931108 0.026173 0.020208
0 0.859259 0.084201 0.031605 0.023882
4 0.742963 0.055726 0.029136 0.020208
5 0.085432 0.277097 0.029630 0.023882
3 0.150617 0.343080 0.038519 0.021127
0 0.736790 0.599051 0.033580 0.022964
1 0.770617 0.272352 0.023210 0.020514
3 0.513086 0.055266 0.042469 0.021739
0 0.073086 0.601500 0.033580 0.022352
1 0.511605 0.083742 0.026667 0.021127
4 0.154321 0.575475 0.029136 0.020514
2 0.607160 0.213564 0.036049 0.021127
5 0.443951 0.414268 0.030617 0.023270
5 0.467407 0.376914 0.027160 0.022658
1 0.168395 0.606859 0.027654 0.021433
5 0.554568 0.056185 0.028642 0.021739
0 0.067407 0.306797 0.027160 0.024495
5 0.715309 0.309706 0.025185 0.021127
4 0.740000 0.371862 0.024198 0.019902
3 0.236790 0.245867 0.030123 0.020821
3 0.898272 0.174372 0.040494 0.022352
2 0.125185 0.079608 0.036049 0.020208
1 0.792099 0.830374 0.024691 0.020208
4 0.316296 0.838181 0.025185 0.021127
1 0.670864 0.866350 0.025185 0.019902
1 0.045926 0.173760 0.024691 0.025413
1 0.590123 0.114513 0.026667 0.017759
3 0.802963 0.720759 0.040494 0.022658
1 0.031605 0.469535 0.019753 0.022352
0 0.405432 0.443509 0.036543 0.024189
4 0.571358 0.311849 0.027654 0.019902
5 0.466173 0.969841 0.032593 0.024189
1 0.092346 0.246326 0.019753 0.022352
2 0.548642 0.411819 0.036543 0.021433
3 0.290370 0.669780 0.038519 0.021739
1 0.900247 0.626761 0.026667 0.020208
0 0.489630 0.543019 0.035062 0.022964
4 0.442469 0.375689 0.026667 0.019596
4 0.747901 0.083435 0.028148 0.021127
5 0.738025 0.408604 0.027160 0.022352
0 0.632840 0.344764 0.034074 0.021433
4 0.309383 0.475352 0.030123 0.022352
4 0.365432 0.377067 0.025679 0.021127
3 0.905185 0.831292 0.039506 0.022045
3 0.818765 0.336344 0.037531 0.022352
0 0.814321 0.303123 0.032593 0.023270
1 0.157531 0.505971 0.023704 0.021739
1 0.206914 0.541182 0.027654 0.020514
0 0.180000 0.080220 0.030123 0.024495
0 0.953333 0.207440 0.035062 0.023576
1 0.300494 0.376761 0.029136 0.020514
5 0.640988 0.183864 0.032593 0.024189
2 0.247654 0.344305 0.035062 0.021127
1 0.710864 0.502756 0.026173 0.020821
5 0.277778 0.022811 0.027160 0.024189
0 0.637284 0.633650 0.034074 0.022352
2 0.839012 0.755664 0.036543 0.022658
3 0.398272 0.312002 0.039012 0.020821
3 0.511111 0.245560 0.037531 0.023270
4 0.529630 0.542100 0.028148 0.021127
5 0.100741 0.967085 0.028642 0.025413
1 0.776049 0.534752 0.027160 0.022964
5 0.382716 0.872015 0.030617 0.023270
4 0.814568 0.899571 0.026173 0.020821
3 0.478025 0.871096 0.039506 0.020821
1 0.237531 0.801439 0.024691 0.021739
4 0.714815 0.407838 0.025185 0.020208
0 0.723951 0.568585 0.033580 0.023270
2 0.769630 0.720759 0.036049 0.020208
4 0.176049 0.902480 0.028148 0.021739
2 0.277037 0.970300 0.032593 0.022045
1 0.144691 0.762860 0.027654 0.021739
5 0.586914 0.377832 0.030123 0.022658
5 0.354321 0.024342 0.027160 0.021739
1 0.815556 0.026485 0.027160 0.021127
0 0.255309 0.870178 0.032593 0.023270
0 0.243951 0.474587 0.033580 0.022658
0 0.530617 0.311543 0.033086 0.022352
5 0.710123 0.537814 0.030617 0.024189
0 0.338025 0.278169 0.031111 0.024189
1 0.896543 0.495254 0.026173 0.021127
3 0.161481 0.022658 0.037531 0.022045
3 0.963704 0.085885 0.038025 0.021127
0 0.765679 0.406767 0.034074 0.022964
0 0.279506 0.441978 0.035556 0.025413
3 0.227654 0.669167 0.039506 0.022352
0 0.213827 0.935242 0.033580 0.022352
0 0.148889 0.308634 0.033086 0.023882
4 0.250864 0.935089 0.024691 0.018983
1 0.294568 0.801133 0.027160 0.019290
1 0.800000 0.083129 0.023704 0.020514
0 0.388148 0.212033 0.036543 0.021127
3 0.058765 0.503674 0.030617 0.022045
5 0.353086 0.312309 0.030617 0.022658
1 0.823210 0.110686 0.025679 0.019290
1 0.836296 0.719688 0.027160 0.021739
2 0.896790 0.793325 0.039506 0.022045
5 0.293827 0.608389 0.029630 0.022658
1 0.324691 0.083895 0.026173 0.022658
1 0.951605 0.562002 0.026667 0.021739
5 0.683457 0.411206 0.027654 0.022045
5 0.400000 0.344917 0.026667 0.019902
5 0.192593 0.700092 0.026667 0.022964
1 0.861235 0.175444 0.025679 0.022045
0 0.196790 0.021280 0.033086 0.021739
4 0.566420 0.115126 0.025679 0.020208
2 0.517778 0.412125 0.037037 0.020208
2 0.129630 0.834966 0.035062 0.021433
5 0.603704 0.346295 0.031111 0.022045
0 0.825926 0.054807 0.030123 0.020821
1 0.176049 0.439069 0.026173 0.023882
4 0.622222 0.665799 0.025679 0.021739
0 0.220247 0.697795 0.034568 0.020821
2 0.837778 0.831139 0.034074 0.021127
2 0.487407 0.797152 0.035556 0.021739
2 0.278519 0.310318 0.037531 0.021739
1 0.348642 0.697030 0.025679 0.019290
1 0.107901 0.634109 0.026173 0.020208
2 0.813086 0.369718 0.034074 0.021739
0 0.302469 0.542100 0.033086 0.025413
3 0.280000 0.344917 0.037531 0.021127
1 0.769136 0.830067 0.024198 0.018983
2 0.118519 0.341702 0.036543 0.022658
5 0.262963 0.700551 0.030123 0.022045
3 0.391852 0.608083 0.040988 0.021433
0 0.439506 0.025566 0.031605 0.023576
0 0.717037 0.339865 0.032593 0.022045
2 0.331605 0.212492 0.040000 0.021433
3 0.206420 0.440753 0.038519 0.021739
0 0.147160 0.539957 0.030617 0.024801
2 0.267160 0.375842 0.035556 0.021127
0 0.093827 0.308022 0.025679 0.024495
0 0.810370 0.433711 0.034568 0.020514
1 0.856543 0.463411 0.026173 0.021127
4 0.294321 0.870790 0.027654 0.020821
1 0.336049 0.112982 0.026173 0.021433
3 0.058765 0.536436 0.036543 0.023270
0 0.379259 0.177587 0.033580 0.022045
1 0.206420 0.577159 0.026667 0.022045
2 0.696049 0.663350 0.037037 0.019902
2 0.883457 0.866656 0.036543 0.021127
1 0.374321 0.542100 0.027654 0.021127
3 0.722716 0.025873 0.040000 0.022352
3 0.700741 0.054042 0.039506 0.021127
0 0.709383 0.832211 0.035062 0.023270
0 0.131605 0.245560 0.026173 0.025107
5 0.166173 0.637783 0.028148 0.024495
1 0.936049 0.626148 0.025185 0.018983
2 0.273086 0.541947 0.033580 0.022658
2 0.139259 0.374005 0.029630 0.020514
3 0.269136 0.053582 0.039506 0.020208
1 0.657778 0.694121 0.022716 0.019596
0 0.705185 0.374005 0.032593 0.022964
4 0.571852 0.475505 0.027654 0.022045
3 0.163457 0.410441 0.039506 0.022964
0 0.570370 0.085119 0.032593 0.022045
1 0.920247 0.112523 0.025185 0.019290
1 0.573086 0.280159 0.026173 0.020821
0 0.098272 0.867116 0.031605 0.023270
0 0.738025 0.757961 0.034074 0.022352
1 0.864444 0.687385 0.027160 0.020821
1 0.511605 0.697642 0.027654 0.019902
0 0.925926 0.721066 0.034568 0.023270
4 0.356296 0.668708 0.030123 0.020208
1 0.594815 0.473974 0.027160 0.020208
1 0.333086 0.245713 0.025185 0.019902
1 0.124691 0.505511 0.023210 0.023882
2 0.629383 0.053429 0.036049 0.020514
0 0.825185 0.628598 0.036543 0.022658
3 0.451111 0.799449 0.040000 0.022045
0 0.857284 0.269596 0.032593 0.019902
4 0.140988 0.636865 0.026173 0.020821
3 0.054321 0.662737 0.031605 0.021127
0 0.303457 0.022352 0.032099 0.023270
1 0.106914 0.798377 0.022222 0.019902
3 0.288395 0.507961 0.037531 0.021433
3 0.494815 0.312002 0.040494 0.020821
2 0.266667 0.802205 0.032593 0.029394
4 0.602222 0.966320 0.027160 0.021433
4 0.311852 0.971525 0.028148 0.023270
4 0.834568 0.596754 0.024691 0.021433
2 0.928148 0.657379 0.037037 0.020208
1 0.060247 0.078843 0.024691 0.023576
5 0.705679 0.759492 0.025679 0.021127
4 0.192346 0.177434 0.031111 0.020514
1 0.173827 0.541794 0.023704 0.023576
3 0.719259 0.931874 0.040988 0.024189
1 0.080988 0.174066 0.025679 0.021739
1 0.385679 0.411819 0.027654 0.020208
3 0.748889 0.898040 0.039012 0.021433
0 0.478519 0.179731 0.034568 0.023270
3 0.773580 0.436007 0.039012 0.021433
3 0.354321 0.082823 0.040988 0.022964
0 0.873333 0.144060 0.034074 0.022352
2 0.404938 0.113288 0.035556 0.020821
1 0.716543 0.629516 0.024691 0.019596
3 0.490617 0.024954 0.040000 0.020514
5 0.900494 0.758267 0.032099 0.026026
3 0.014815 0.861145 0.029630 0.021739
1 0.650864 0.833895 0.024691 0.018677
4 0.657284 0.725658 0.027654 0.020208
4 0.758765 0.338181 0.027160 0.021127
1 0.913333 0.562309 0.028148 0.021127
0 0.741975 0.305726 0.033086 0.022352
3 0.162716 0.052970 0.039012 0.021433
0 0.055309 0.436620 0.049383 0.023882
1 0.358765 0.636099 0.028148 0.019902
0 0.420000 0.637324 0.034074 0.023576
1 0.936049 0.494029 0.025185 0.021127
1 0.548148 0.797612 0.029630 0.020208
1 0.738519 0.274495 0.024198 0.021739
1 0.503210 0.729945 0.026667 0.020208
2 0.432840 0.607777 0.038025 0.020821
0 0.524444 0.933252 0.033580 0.022658
3 0.413827 0.872474 0.039506 0.021127
1 0.353827 0.245560 0.023210 0.021433
0 0.104198 0.761941 0.036543 0.024801
3 0.533580 0.180343 0.041975 0.022045
4 0.542222 0.868647 0.029630 0.021433
2 0.452840 0.280006 0.035556 0.022352
1 0.826667 0.688304 0.028642 0.022045
1 0.359753 0.607318 0.029136 0.020514
3 0.119012 0.473056 0.037531 0.021433
0 0.916296 0.866810 0.033086 0.022658
0 0.766173 0.567208 0.035062 0.023576
4 0.604444 0.695040 0.026667 0.018983
5 0.082469 0.834507 0.028642 0.023576
0 0.669383 0.180190 0.032099 0.022352
3 0.196543 0.637630 0.038519 0.023576
0 0.530123 0.474740 0.034074 0.022964
5 0.362963 0.279394 0.025679 0.022964
4 0.852099 0.431721 0.029136 0.022658
1 0.925926 0.794091 0.029630 0.019290
4 0.120494 0.021586 0.024691 0.021739
4 0.322469 0.052817 0.027654 0.019290
5 0.217531 0.114513 0.027160 0.023882
0 0.495802 0.967697 0.033580 0.021127
3 0.701975 0.111911 0.036049 0.020514
0 0.044444 0.863288 0.029630 0.023576
0 0.637531 0.311390 0.032593 0.021433
4 0.702469 0.865738 0.027160 0.020514
3 0.300988 0.576393 0.039012 0.021127
1 0.912840 0.898347 0.024198 0.018983
3 0.151852 0.869565 0.040000 0.022658
2 0.335802 0.871555 0.035556 0.021127
0 0.323457 0.607012 0.032593 0.021127
3 0.704691 0.795162 0.039506 0.022045
2 0.269383 0.577618 0.034074 0.021739
0 0.481481 0.279853 0.029630 0.024495
4 0.455556 0.698408 0.028148 0.020821
4 0.104444 0.374005 0.022222 0.021127
5 0.400988 0.840018 0.031605 0.022964
0 0.320247 0.507808 0.028148 0.024801
4 0.804444 0.467085 0.026667 0.021127
5 0.609136 0.085732 0.031111 0.023270
3 0.368889 0.053123 0.039506 0.020514
2 0.895309 0.721066 0.035556 0.022045
1 0.274321 0.473821 0.025185 0.019290
0 0.893580 0.270361 0.034074 0.023882
4 0.189877 0.309553 0.025185 0.022045
3 0.733580 0.468157 0.043951 0.020208
4 0.939753 0.056797 0.025679 0.019902
0 0.883951 0.400949 0.032593 0.022964
2 0.580000 0.635793 0.038025 0.022352
2 0.406667 0.053429 0.036049 0.019290
5 0.763457 0.371709 0.026667 0.021433
3 0.491605 0.114819 0.038025 0.022658
2 0.266667 0.245254 0.030617 0.021433
0 0.776296 0.025720 0.034568 0.022045
1 0.385185 0.279394 0.021728 0.020514
1 0.378025 0.344458 0.023210 0.020821
5 0.713580 0.439528 0.028642 0.022352
0 0.121975 0.410288 0.034568 0.022045
1 0.521975 0.376454 0.026667 0.021127
3 0.867407 0.300827 0.036049 0.022352
0 0.826173 0.792254 0.037531 0.021739
2 0.592840 0.024495 0.037037 0.019596
3 0.675309 0.897428 0.037037 0.020821
4 0.111605 0.604256 0.028642 0.021127
1 0.660988 0.410594 0.024198 0.018983
0 0.595556 0.054654 0.032593 0.024189
3 0.089630 0.079302 0.037037 0.022658
1 0.911605 0.399878 0.023704 0.021433
1 0.956790 0.428812 0.026173 0.021127
0 0.402222 0.968157 0.033086 0.021433
5 0.561481 0.901408 0.033580 0.021433
3 0.843951 0.368187 0.037531 0.021739
5 0.200000 0.870331 0.028642 0.021739
1 0.233086 0.765769 0.026667 0.023270
0 0.644691 0.797612 0.036049 0.021433
2 0.412346 0.177893 0.036543 0.020821
4 0.558765 0.245713 0.027160 0.021127
3 0.589136 0.245867 0.039506 0.020208
4 0.691111 0.308788 0.025185 0.019902
4 0.103704 0.665493 0.024691 0.021739
1 0.384938 0.799602 0.024198 0.020514
2 0.284691 0.177128 0.040000 0.021739
0 0.344691 0.344458 0.031605 0.020821
1 0.677284 0.633037 0.029136 0.022352
1 0.030123 0.536283 0.024691 0.025413
5 0.558025 0.729945 0.033580 0.023270
1 0.538272 0.575168 0.027654 0.019290
5 0.271358 0.114360 0.030123 0.024189
0 0.738519 0.535058 0.030123 0.021739
1 0.853333 0.931721 0.023704 0.020821
1 0.872346 0.830986 0.029136 0.020821
3 0.368148 0.114054 0.040000 0.022352
0 0.243457 0.082517 0.033580 0.022352
0 0.463210 0.245407 0.034568 0.025413
1 0.369136 0.837110 0.024198 0.020208
3 0.540247 0.637018 0.040494 0.022352
0 0.299259 0.113288 0.033580 0.022658
3 0.472099 0.836497 0.040494 0.022045
3 0.117778 0.309400 0.031111 0.022352
3 0.911852 0.528781 0.042963 0.023882
3 0.829136 0.175291 0.040494 0.021739
3 0.729136 0.662125 0.038025 0.021127
5 0.597778 0.313227 0.030123 0.022045
0 0.665432 0.343999 0.032099 0.022352
0 0.152099 0.472290 0.031605 0.025413
3 0.845185 0.027404 0.038025 0.021127
4 0.597531 0.835732 0.024691 0.021127
0 0.428148 0.837569 0.033580 0.021739
0 0.936790 0.143448 0.033580 0.022352
0 0.322716 0.764238 0.035062 0.023270
1 0.409136 0.082364 0.026173 0.020208
4 0.303951 0.637171 0.027160 0.020208
0 0.818025 0.867269 0.033086 0.021739
2 0.881728 0.027404 0.034074 0.022352
4 0.119012 0.696265 0.018765 0.020821
2 0.310123 0.279547 0.031605 0.023270
3 0.769877 0.176056 0.038519 0.022045
2 0.794074 0.630129 0.039506 0.020821
5 0.542222 0.085732 0.029630 0.022658
5 0.810617 0.756736 0.031111 0.024801
0 0.481235 0.507042 0.034074 0.022045
0 0.609383 0.442743 0.031605 0.022658
3 0.806667 0.532149 0.041975 0.022658
1 0.196790 0.730557 0.023210 0.020821
1 0.415062 0.542254 0.027160 0.019596
3 0.463457 0.443050 0.039012 0.022045
2 0.705926 0.600735 0.035062 0.022045
5 0.502469 0.476271 0.028148 0.022352
4 0.479012 0.212186 0.029630 0.020208
1 0.509383 0.638549 0.029136 0.021127
