1 0.846239 0.283320 0.075221 0.015773
5 0.136062 0.605481 0.081858 0.016562
1 0.726770 0.284503 0.073009 0.016167
5 0.492810 0.491621 0.076327 0.016759
0 0.344027 0.135647 0.086283 0.025237
1 0.261062 0.898364 0.084071 0.017153
5 0.103982 0.315260 0.079646 0.017350
5 0.688053 0.550572 0.073009 0.015576
0 0.745022 0.694598 0.085177 0.021293
1 0.227323 0.197259 0.078540 0.015576
0 0.623894 0.344046 0.081858 0.022082
5 0.597345 0.752465 0.070796 0.015970
5 0.330199 0.664728 0.080752 0.017547
1 0.160398 0.106467 0.081858 0.016562
0 0.637721 0.045347 0.089602 0.021293
5 0.521018 0.225158 0.066372 0.016562
2 0.146018 0.197555 0.095133 0.018533
5 0.209624 0.046924 0.074115 0.016956
5 0.911504 0.106861 0.084071 0.017744
0 0.444690 0.868297 0.086283 0.021688
5 0.776549 0.076893 0.079646 0.016562
0 0.606748 0.550079 0.082965 0.020899
0 0.598451 0.518632 0.090708 0.021491
1 0.576881 0.016562 0.076327 0.015773
4 0.413164 0.166601 0.071903 0.016562
5 0.482854 0.167094 0.076327 0.017153
3 0.612832 0.841187 0.112832 0.016364
0 0.189712 0.516463 0.087389 0.022279
4 0.702434 0.811613 0.075221 0.015970
3 0.654867 0.958596 0.108407 0.016956
0 0.057522 0.720229 0.086283 0.020899
0 0.475111 0.898561 0.085177 0.021491
3 0.303650 0.166305 0.111726 0.015970
5 0.216261 0.167094 0.080752 0.017153
2 0.619469 0.405166 0.097345 0.017350
5 0.316372 0.405067 0.075221 0.016364
3 0.488385 0.284109 0.109513 0.016562
5 0.191372 0.016364 0.079646 0.016956
4 0.485066 0.605481 0.080752 0.016562
1 0.393252 0.605481 0.078540 0.016562
4 0.548119 0.929515 0.080752 0.017153
3 0.750000 0.783024 0.106195 0.016364
5 0.470686 0.550375 0.076327 0.017153
3 0.231748 0.315556 0.109513 0.016759
5 0.519912 0.434050 0.073009 0.015970
1 0.544248 0.462244 0.081858 0.017547
5 0.334624 0.017153 0.080752 0.016562
5 0.504425 0.811120 0.079646 0.017350
4 0.704093 0.635450 0.080752 0.016562
2 0.139381 0.723186 0.092920 0.019322
5 0.660398 0.167488 0.075221 0.017547
1 0.702434 0.403588 0.077434 0.016562
5 0.603429 0.782926 0.071903 0.017350
1 0.764934 0.433261 0.078540 0.016364
2 0.752212 0.929909 0.097345 0.017942
2 0.060288 0.897772 0.094027 0.017547
3 0.336836 0.197161 0.107301 0.016562
5 0.495022 0.046333 0.080752 0.016562
0 0.071350 0.576006 0.094027 0.020308
2 0.269358 0.752957 0.094027 0.020110
4 0.132190 0.433655 0.076327 0.015970
1 0.542588 0.664728 0.080752 0.016364
4 0.048673 0.839708 0.070796 0.016562
1 0.346792 0.253155 0.076327 0.016167
2 0.248341 0.665024 0.096239 0.017350
0 0.528761 0.781151 0.084071 0.021688
4 0.042588 0.549389 0.069690 0.018336
0 0.705199 0.374014 0.080752 0.021688
0 0.775996 0.576696 0.089602 0.022476
5 0.263827 0.285193 0.076327 0.015576
3 0.446350 0.196865 0.105088 0.016364
0 0.609513 0.985706 0.081858 0.022674
3 0.368363 0.694203 0.106195 0.016167
0 0.794801 0.460371 0.085177 0.020110
1 0.894358 0.224566 0.085177 0.018139
5 0.893805 0.314570 0.077434 0.016759
1 0.901549 0.253352 0.077434 0.016562
4 0.386615 0.723285 0.076327 0.016364
1 0.632743 0.433360 0.079646 0.016167
4 0.259403 0.957709 0.085177 0.016364
1 0.762721 0.491325 0.074115 0.016167
1 0.607854 0.634562 0.078540 0.017547
5 0.917588 0.076794 0.076327 0.016364
4 0.290376 0.839610 0.080752 0.017153
0 0.092367 0.343060 0.085177 0.020110
2 0.893252 0.197161 0.100664 0.017350
5 0.268805 0.519026 0.073009 0.016364
3 0.512168 0.635055 0.110619 0.016956
0 0.560841 0.165615 0.086283 0.021688
3 0.297566 0.605580 0.110619 0.016364
3 0.540929 0.076104 0.103982 0.016562
4 0.109513 0.167291 0.077434 0.017153
1 0.168142 0.957808 0.075221 0.016562
1 0.913164 0.018533 0.078540 0.015379
3 0.384956 0.958005 0.103982 0.016562
3 0.806969 0.253746 0.105088 0.016167
5 0.184181 0.375493 0.074115 0.017153
1 0.672566 0.016857 0.086283 0.015576
1 0.602876 0.870564 0.073009 0.015970
3 0.174779 0.136632 0.103982 0.016562
0 0.517146 0.751084 0.087389 0.021885
5 0.552544 0.197654 0.076327 0.017547
0 0.592367 0.136041 0.085177 0.022871
0 0.047013 0.955836 0.089602 0.022871
1 0.641593 0.252366 0.084071 0.016956
0 0.183628 0.750099 0.081858 0.023462
1 0.445243 0.433754 0.074115 0.015379
0 0.205752 0.692035 0.086283 0.020899
2 0.811394 0.225453 0.096239 0.018336
1 0.391593 0.549882 0.079646 0.016167
1 0.257743 0.462047 0.075221 0.016364
5 0.377212 0.490832 0.079646 0.015576
1 0.323562 0.986889 0.076327 0.015970
5 0.668695 0.694894 0.078540 0.017153
0 0.496681 0.014590 0.081858 0.020899
5 0.280973 0.343947 0.075221 0.016759
3 0.172013 0.224763 0.100664 0.017350
1 0.260509 0.224369 0.074115 0.017350
1 0.646018 0.490931 0.075221 0.015773
5 0.756637 0.314767 0.073009 0.015970
1 0.188053 0.284799 0.073009 0.016364
1 0.435841 0.986790 0.073009 0.015773
5 0.675332 0.724369 0.074115 0.016562
2 0.148230 0.811021 0.101770 0.017942
1 0.363938 0.869775 0.079646 0.016364
5 0.354535 0.634858 0.078540 0.017350
1 0.516040 0.253549 0.074115 0.015773
2 0.696903 0.987086 0.092920 0.017153
3 0.751659 0.752859 0.109513 0.016364
3 0.351217 0.461948 0.105088 0.015773
0 0.447456 0.461258 0.080752 0.022674
3 0.282633 0.928726 0.105088 0.016759
3 0.842367 0.167094 0.111726 0.017153
5 0.676438 0.870860 0.076327 0.016167
5 0.718473 0.046431 0.080752 0.017153
0 0.250553 0.810627 0.087389 0.021885
0 0.477876 0.578667 0.088496 0.022871
5 0.675332 0.137125 0.076327 0.016364
4 0.475111 0.374803 0.071903 0.016167
1 0.422566 0.665418 0.073009 0.015379
2 0.840708 0.696471 0.101770 0.019913
1 0.055310 0.780363 0.086283 0.016956
1 0.790929 0.870662 0.079646 0.016167
2 0.743363 0.167587 0.101770 0.018533
3 0.576327 0.107453 0.108407 0.016167
