2 0.697041 0.466190 0.099408 0.018228
3 0.273373 0.406997 0.101775 0.016268
5 0.292308 0.750588 0.080473 0.017052
2 0.816568 0.664445 0.104142 0.018032
4 0.746746 0.779988 0.082840 0.016268
5 0.147929 0.377205 0.075740 0.017052
2 0.752071 0.408271 0.102959 0.018032
2 0.180473 0.407095 0.098225 0.017248
2 0.796450 0.081145 0.097041 0.017640
1 0.250888 0.691592 0.089941 0.017444
2 0.294083 0.867993 0.105325 0.017052
1 0.315385 0.227950 0.074556 0.015288
3 0.550296 0.838887 0.113609 0.016072
0 0.285207 0.808408 0.089941 0.021756
3 0.222485 0.287828 0.106509 0.017836
1 0.755030 0.288318 0.094675 0.018032
2 0.387574 0.927381 0.100592 0.020188
2 0.846746 0.379165 0.110059 0.019012
1 0.626036 0.437279 0.085207 0.016856
5 0.671006 0.897883 0.078107 0.016464
2 0.130178 0.228636 0.094675 0.017836
5 0.314793 0.050568 0.082840 0.018816
0 0.327811 0.286064 0.097041 0.020580
0 0.392308 0.956586 0.086391 0.021364
3 0.527811 0.868091 0.108876 0.016464
4 0.641420 0.926989 0.068639 0.015876
5 0.904142 0.663465 0.085207 0.018032
0 0.334911 0.691102 0.082840 0.020776
0 0.723077 0.170325 0.089941 0.021168
2 0.401775 0.634653 0.105325 0.017640
5 0.469822 0.955606 0.082840 0.017444
3 0.221893 0.227754 0.105325 0.017640
5 0.568047 0.347805 0.089941 0.017836
5 0.489349 0.633967 0.079290 0.015484
2 0.315385 0.200706 0.110059 0.016464
2 0.334911 0.172089 0.106509 0.019208
5 0.320710 0.257840 0.087574 0.016268
0 0.582840 0.983536 0.084024 0.021560
0 0.204142 0.866817 0.086391 0.019012
5 0.878698 0.437672 0.086391 0.016856
2 0.444379 0.377597 0.100592 0.017444
3 0.140237 0.435417 0.107692 0.017052
4 0.676331 0.288318 0.081657 0.016464
0 0.267456 0.550274 0.092308 0.022932
0 0.589349 0.317229 0.097041 0.020972
3 0.392899 0.867699 0.115976 0.016072
1 0.357988 0.465308 0.084024 0.016464
2 0.114793 0.752352 0.101775 0.021364
0 0.700592 0.607213 0.094675 0.021168
5 0.520118 0.171991 0.079290 0.019404
2 0.727811 0.258918 0.111243 0.019208
2 0.492308 0.779792 0.094675 0.017052
0 0.814201 0.551058 0.099408 0.022148
5 0.272189 0.019992 0.082840 0.017248
2 0.717160 0.551646 0.106509 0.017836
1 0.928994 0.258036 0.085207 0.017444
3 0.663314 0.633869 0.107692 0.015680
1 0.640828 0.751372 0.081657 0.016660
0 0.326627 0.109467 0.094675 0.021756
3 0.106509 0.019600 0.104142 0.016464
3 0.385207 0.550176 0.112426 0.017640
5 0.218343 0.896315 0.079290 0.018032
3 0.560947 0.955900 0.111243 0.016856
4 0.784024 0.751470 0.079290 0.016464
1 0.334320 0.721874 0.074556 0.016856
0 0.416568 0.606135 0.092308 0.018620
3 0.121893 0.549686 0.113609 0.017444
3 0.823077 0.141513 0.112426 0.017248
4 0.081065 0.606331 0.091124 0.015484
0 0.405325 0.256272 0.093491 0.020972
3 0.841420 0.522246 0.111243 0.016660
3 0.744970 0.493532 0.110059 0.016464
1 0.726036 0.141121 0.076923 0.017248
3 0.259172 0.983340 0.113609 0.016072
5 0.189941 0.838789 0.081657 0.018228
5 0.476331 0.465798 0.081657 0.017836
0 0.575148 0.493042 0.085207 0.021364
2 0.269822 0.840063 0.104142 0.019208
0 0.477515 0.579381 0.091124 0.022344
1 0.127219 0.691102 0.088757 0.016464
1 0.305325 0.578303 0.087574 0.016268
0 0.620118 0.376617 0.085207 0.020580
2 0.417160 0.752156 0.107692 0.020972
1 0.558580 0.110937 0.080473 0.016072
5 0.672189 0.019698 0.078107 0.017444
2 0.931953 0.019698 0.110059 0.015876
5 0.656213 0.493826 0.074556 0.016660
1 0.892899 0.810662 0.081657 0.015680
2 0.207101 0.141905 0.104142 0.018424
3 0.830178 0.257938 0.110059 0.016856
0 0.388757 0.346727 0.093491 0.022344
1 0.257988 0.316837 0.078107 0.015484
2 0.876331 0.927283 0.102959 0.017248
2 0.927219 0.080361 0.107692 0.017248
2 0.937870 0.142199 0.105325 0.017444
0 0.662130 0.520580 0.091124 0.021168
2 0.443787 0.141317 0.108876 0.018424
0 0.543787 0.140729 0.093491 0.021952
2 0.753846 0.319483 0.106509 0.018424
0 0.348521 0.897197 0.088757 0.020188
5 0.126036 0.982948 0.081657 0.017640
2 0.733136 0.202666 0.114793 0.019600
4 0.513609 0.258232 0.080473 0.016660
0 0.075148 0.375833 0.074556 0.020972
1 0.521302 0.751176 0.084024 0.016268
0 0.630178 0.078401 0.088757 0.020776
1 0.435503 0.111525 0.082840 0.017248
1 0.865089 0.050960 0.082840 0.016856
0 0.927219 0.200804 0.093491 0.022148
5 0.505325 0.318307 0.089941 0.017248
0 0.607692 0.170423 0.093491 0.022540
0 0.917751 0.347609 0.091124 0.021756
0 0.883432 0.692964 0.095858 0.022540
1 0.073964 0.925127 0.110059 0.016856
3 0.338462 0.376911 0.106509 0.016464
1 0.647929 0.810368 0.079290 0.015484
1 0.088757 0.200510 0.078107 0.018032
1 0.936095 0.171207 0.085207 0.018228
3 0.873964 0.751274 0.114793 0.016464
2 0.676331 0.230988 0.105325 0.019796
5 0.483432 0.521462 0.079290 0.015876
0 0.411243 0.492160 0.088757 0.019600
