0 0.526528 0.284306 0.084198 0.023302
3 0.863899 0.698068 0.108420 0.016331
0 0.314879 0.845748 0.083045 0.020912
3 0.365629 0.936367 0.106113 0.016929
3 0.513841 0.668691 0.109573 0.016531
1 0.173010 0.015833 0.076125 0.016132
5 0.425029 0.817566 0.079585 0.016331
1 0.475779 0.965047 0.072664 0.016531
1 0.672434 0.936069 0.076125 0.015933
5 0.762399 0.523402 0.087659 0.018721
4 0.723760 0.016730 0.077278 0.017925
3 0.644752 0.965146 0.106113 0.016331
0 0.559400 0.637622 0.087659 0.021709
5 0.418685 0.697670 0.073818 0.016331
4 0.424452 0.668592 0.076125 0.015933
5 0.573241 0.698367 0.076125 0.016132
5 0.337370 0.466640 0.074971 0.017128
5 0.412341 0.875423 0.077278 0.016929
4 0.510957 0.167397 0.080738 0.016929
0 0.238178 0.223661 0.086505 0.021908
0 0.535755 0.785899 0.088812 0.022306
3 0.700115 0.255626 0.106113 0.016929
0 0.323529 0.666899 0.088812 0.020912
3 0.378893 0.582354 0.107266 0.015535
1 0.611880 0.727445 0.086505 0.016929
5 0.477509 0.639116 0.078431 0.016730
1 0.700692 0.610137 0.077278 0.015734
0 0.832180 0.815973 0.086505 0.022306
0 0.837947 0.253436 0.086505 0.021709
5 0.559400 0.016232 0.085352 0.018124
3 0.739331 0.106652 0.115340 0.017327
4 0.403114 0.964848 0.074971 0.018124
2 0.867935 0.847042 0.100346 0.017526
0 0.514418 0.196774 0.085352 0.021908
1 0.128028 0.552579 0.071511 0.016531
1 0.122261 0.406294 0.073818 0.016331
3 0.780854 0.378311 0.106113 0.017327
1 0.358131 0.226051 0.079585 0.015136
0 0.881776 0.522207 0.088812 0.022705
2 0.689158 0.876718 0.100346 0.017526
2 0.271050 0.936865 0.099193 0.019518
0 0.904268 0.406692 0.085352 0.021908
1 0.613610 0.315873 0.087659 0.017925
3 0.678201 0.466441 0.113033 0.016331
1 0.512111 0.581557 0.078431 0.014738
5 0.314879 0.756921 0.069204 0.017327
3 0.724913 0.494623 0.114187 0.016132
1 0.706459 0.993129 0.079585 0.013742
1 0.805075 0.137423 0.087659 0.015933
3 0.603806 0.609540 0.109573 0.016531
1 0.396770 0.315674 0.073818 0.015535
5 0.787197 0.408086 0.077278 0.018721
3 0.860438 0.226250 0.110727 0.017128
1 0.829296 0.993129 0.078431 0.013742
1 0.284314 0.992531 0.074971 0.014937
5 0.497693 0.225951 0.079585 0.018921
5 0.795848 0.610237 0.073818 0.015933
0 0.745098 0.197172 0.085352 0.025095
0 0.194925 0.492432 0.085352 0.020116
0 0.697809 0.637921 0.085352 0.021111
4 0.765283 0.166999 0.084198 0.017327
3 0.709343 0.582155 0.108420 0.015535
4 0.411188 0.846943 0.068051 0.016929
3 0.765859 0.846943 0.103806 0.016531
5 0.841407 0.788488 0.074971 0.017526
3 0.373126 0.075085 0.107266 0.016331
0 0.598039 0.816371 0.086505 0.019916
3 0.852941 0.875921 0.109573 0.016331
2 0.625721 0.787692 0.100346 0.019120
0 0.280277 0.135730 0.089965 0.022904
3 0.416378 0.106055 0.113033 0.016531
2 0.833333 0.316969 0.104960 0.017726
2 0.183391 0.847441 0.099193 0.017526
0 0.469435 0.756025 0.080738 0.021908
0 0.614764 0.376519 0.085352 0.022505
2 0.685698 0.139116 0.107266 0.021310
0 0.487313 0.904800 0.086505 0.022705
2 0.238754 0.669687 0.099193 0.021310
0 0.604383 0.522804 0.080738 0.023501
5 0.520761 0.494025 0.088812 0.017726
1 0.889850 0.581657 0.081892 0.016531
3 0.780277 0.906094 0.109573 0.016132
0 0.878316 0.609142 0.088812 0.020116
3 0.167820 0.755726 0.107266 0.016929
3 0.414072 0.197969 0.108420 0.017128
2 0.159746 0.638219 0.095732 0.018921
0 0.317762 0.435770 0.086505 0.023501
3 0.779123 0.347242 0.107266 0.016531
1 0.320069 0.197172 0.081892 0.016331
0 0.226644 0.580064 0.081892 0.019717
1 0.912918 0.377913 0.079585 0.016929
3 0.138408 0.346047 0.106113 0.017327
1 0.311995 0.816869 0.077278 0.015336
3 0.766436 0.669289 0.111880 0.016531
1 0.609573 0.582752 0.084198 0.016331
3 0.530565 0.844652 0.106113 0.020713
3 0.689735 0.285999 0.106113 0.017526
2 0.874279 0.671779 0.099193 0.021111
3 0.324106 0.406692 0.103806 0.016730
0 0.613610 0.346644 0.085352 0.023700
3 0.265283 0.315475 0.103806 0.017526
0 0.450980 0.465346 0.087659 0.021310
5 0.766436 0.076180 0.084198 0.017726
0 0.445790 0.493129 0.084198 0.021111
5 0.719146 0.818363 0.074971 0.017128
5 0.615340 0.758315 0.070358 0.017327
3 0.146482 0.727046 0.113033 0.016531
0 0.810842 0.581557 0.089965 0.019120
3 0.690888 0.554272 0.108420 0.017128
0 0.729527 0.756124 0.088812 0.020912
3 0.726644 0.785899 0.113033 0.020315
1 0.674164 0.669488 0.084198 0.016531
5 0.681661 0.523203 0.087659 0.017925
2 0.799885 0.729138 0.100346 0.019120
0 0.283160 0.345648 0.088812 0.022505
1 0.068051 0.846445 0.076125 0.017128
2 0.468858 0.936766 0.100346 0.017327
0 0.686851 0.224457 0.088812 0.021510
0 0.254902 0.014937 0.087659 0.021510
2 0.584198 0.255328 0.104960 0.017526
5 0.425606 0.347441 0.083045 0.018522
0 0.388697 0.785401 0.085352 0.020514
2 0.831027 0.495021 0.091119 0.016929
5 0.711649 0.407588 0.076125 0.017726
0 0.262399 0.073591 0.091119 0.020116
0 0.332180 0.637722 0.089965 0.022306
0 0.851211 0.075782 0.087659 0.022904
5 0.542676 0.757319 0.072664 0.017327
2 0.696078 0.698566 0.104960 0.015734
0 0.107266 0.463951 0.085352 0.021310
1 0.480969 0.015634 0.083045 0.016531
0 0.105536 0.104461 0.084198 0.023302
5 0.569204 0.876519 0.079585 0.017526
1 0.679354 0.847242 0.078431 0.017128
1 0.224913 0.105955 0.078431 0.016331
3 0.302191 0.522605 0.103806 0.016730
