5 0.363418 0.633934 0.077016 0.015838
1 0.726835 0.432588 0.086643 0.017422
5 0.490373 0.548505 0.083032 0.017620
5 0.279783 0.780736 0.085439 0.016828
0 0.728640 0.015739 0.092659 0.023164
5 0.756318 0.106910 0.083032 0.017026
3 0.166667 0.343496 0.114320 0.016234
5 0.912154 0.577806 0.084236 0.017620
2 0.416366 0.491685 0.098676 0.017620
0 0.421781 0.402099 0.097473 0.019798
3 0.903129 0.722431 0.111913 0.016630
5 0.644404 0.404474 0.083032 0.017422
0 0.833935 0.780242 0.091456 0.021382
3 0.826113 0.433380 0.114320 0.016630
4 0.170277 0.373787 0.087846 0.016630
3 0.373045 0.547713 0.113117 0.016036
3 0.437425 0.576915 0.111913 0.016630
0 0.895307 0.986042 0.093863 0.021580
0 0.715403 0.721738 0.087846 0.021184
0 0.391095 0.105326 0.086643 0.022570
3 0.477738 0.897842 0.113117 0.016234
2 0.392298 0.076124 0.110710 0.019600
2 0.324910 0.750841 0.103490 0.017224
2 0.233454 0.811720 0.103490 0.019402
2 0.817088 0.870323 0.113117 0.019798
2 0.297232 0.314690 0.110710 0.018016
5 0.593863 0.015739 0.078219 0.018016
3 0.280987 0.283211 0.111913 0.016828
0 0.411552 0.925361 0.089049 0.020194
2 0.468712 0.956939 0.104693 0.018016
1 0.587244 0.490893 0.081829 0.018412
3 0.125752 0.518016 0.107100 0.016828
3 0.265945 0.137399 0.120337 0.016630
3 0.095668 0.195704 0.099880 0.016828
0 0.885680 0.044051 0.091456 0.022768
1 0.447653 0.983865 0.086643 0.016036
0 0.570397 0.166304 0.096270 0.023362
0 0.090854 0.164225 0.083032 0.019204
5 0.672684 0.253415 0.089049 0.017026
3 0.898315 0.607009 0.114320 0.016234
2 0.305656 0.375371 0.113117 0.019006
0 0.165463 0.690457 0.097473 0.020392
3 0.229844 0.926747 0.115523 0.016630
5 0.900722 0.196991 0.078219 0.017818
3 0.778580 0.253118 0.115523 0.017224
2 0.196149 0.606910 0.108303 0.016432
1 0.683514 0.224906 0.079422 0.017422
5 0.427196 0.166898 0.086643 0.017422
5 0.647413 0.548802 0.079422 0.017026
3 0.249097 0.252029 0.115523 0.017026
3 0.674489 0.167096 0.111913 0.016630
3 0.925993 0.014849 0.109507 0.017026
3 0.894705 0.549000 0.116727 0.016234
2 0.774368 0.404573 0.107100 0.017620
0 0.655235 0.313106 0.092659 0.020788
0 0.324308 0.489804 0.092659 0.021382
2 0.478941 0.197684 0.108303 0.019600
5 0.450662 0.374876 0.083032 0.016828
0 0.838147 0.633043 0.092659 0.018412
5 0.259928 0.074738 0.084236 0.017620
3 0.364621 0.431796 0.115523 0.016630
0 0.685921 0.343892 0.098676 0.023362
5 0.747894 0.577212 0.087846 0.018016
1 0.266546 0.431994 0.090253 0.017422
2 0.342359 0.224312 0.111913 0.017422
4 0.501203 0.074936 0.085439 0.016432
1 0.206378 0.223916 0.083032 0.017422
5 0.290012 0.576816 0.084236 0.018016
0 0.129362 0.925658 0.087846 0.022372
2 0.639591 0.813007 0.104693 0.019996
4 0.068592 0.606118 0.084236 0.016432
1 0.381468 0.045239 0.089049 0.017224
0 0.146209 0.719560 0.087846 0.020788
3 0.640794 0.780440 0.109507 0.016630
3 0.315283 0.402297 0.115523 0.019006
2 0.302647 0.899426 0.104693 0.019006
5 0.503008 0.253019 0.091456 0.017422
0 0.669675 0.605524 0.095066 0.020392
2 0.780385 0.225995 0.107100 0.018412
1 0.270156 0.839636 0.080626 0.016630
5 0.342960 0.607206 0.086643 0.015838
3 0.358604 0.955949 0.110710 0.016828
1 0.244284 0.518709 0.081829 0.015838
1 0.805054 0.810929 0.079422 0.018214
2 0.824308 0.016927 0.101083 0.019996
4 0.211191 0.984459 0.078219 0.017224
0 0.885680 0.373886 0.093863 0.020788
0 0.069795 0.343298 0.086643 0.023758
3 0.335138 0.721540 0.116727 0.016828
5 0.340554 0.663631 0.086643 0.016234
1 0.321300 0.195803 0.079422 0.016234
0 0.734657 0.691744 0.095066 0.020986
5 0.426594 0.462582 0.080626 0.016432
4 0.675090 0.633736 0.091456 0.016234
3 0.856197 0.839933 0.102286 0.016828
2 0.187726 0.750841 0.105897 0.016828
0 0.861613 0.167096 0.091456 0.022570
3 0.737665 0.374876 0.115523 0.016828
1 0.481949 0.810632 0.083032 0.016432
2 0.691937 0.841121 0.105897 0.017224
0 0.676895 0.461493 0.090253 0.020194
1 0.572202 0.985448 0.083032 0.016036
3 0.525271 0.224213 0.116727 0.016036
0 0.744284 0.750247 0.097473 0.021184
5 0.924789 0.663334 0.078219 0.016828
3 0.788809 0.344189 0.111913 0.016432
1 0.867028 0.224609 0.085439 0.018016
2 0.146209 0.462681 0.099880 0.017026
5 0.726233 0.869531 0.085439 0.016630
0 0.641396 0.898238 0.089049 0.023758
3 0.565584 0.606712 0.115523 0.016036
2 0.839350 0.752920 0.102286 0.019402
5 0.745487 0.519204 0.087846 0.016828
3 0.790614 0.074837 0.117930 0.017422
3 0.481348 0.313700 0.117930 0.016828
5 0.259928 0.074738 0.084236 0.017620
2 0.280987 0.463077 0.104693 0.018214
0 0.661853 0.074045 0.089049 0.022570
1 0.318893 0.810335 0.081829 0.016234
2 0.424188 0.840131 0.099880 0.017224
0 0.055355 0.460404 0.093863 0.021184
0 0.543923 0.780341 0.091456 0.022768
0 0.703369 0.662641 0.092659 0.023758
5 0.867629 0.958127 0.079422 0.016432
0 0.175090 0.837458 0.085439 0.020194
3 0.737665 0.045041 0.117930 0.017224
2 0.844164 0.107305 0.102286 0.018214
