0 0.911429 0.015347 0.039125 0.026904
0 0.434381 0.025388 0.038201 0.030315
0 0.854436 0.107143 0.042206 0.029746
0 0.734750 0.108280 0.045595 0.028609
0 0.796519 0.061955 0.046519 0.030315
0 0.477665 0.069344 0.048367 0.030315
0 0.525262 0.111974 0.043130 0.026904
0 0.148799 0.072944 0.041898 0.028041
0 0.228281 0.159530 0.041898 0.027283
0 0.133857 0.200834 0.036044 0.026525
0 0.150185 0.241758 0.039125 0.025388
0 0.529113 0.278136 0.044670 0.027283
0 0.628620 0.234748 0.042822 0.028041
0 0.310536 0.279367 0.040049 0.026336
0 0.770333 0.193444 0.046519 0.027662
0 0.922982 0.234369 0.041898 0.025767
0 0.918053 0.313945 0.045595 0.030315
0 0.464110 0.321144 0.036661 0.026904
0 0.316697 0.364437 0.037585 0.028230
0 0.464572 0.364816 0.037585 0.025578
0 0.176217 0.409625 0.046211 0.025767
0 0.605052 0.404036 0.043130 0.027094
0 0.764941 0.402330 0.039433 0.025957
0 0.249384 0.450549 0.038509 0.025388
0 0.390943 0.449223 0.041898 0.028041
0 0.473814 0.533535 0.041898 0.027662
0 0.209489 0.534293 0.044978 0.028041
0 0.454713 0.575976 0.040049 0.026904
0 0.886014 0.569818 0.042514 0.024820
0 0.548675 0.619742 0.040049 0.025767
0 0.498922 0.662088 0.040974 0.027473
0 0.655114 0.748105 0.044670 0.028230
0 0.200246 0.841417 0.043746 0.026525
0 0.578866 0.932645 0.043746 0.027473
0 0.964880 0.975843 0.041898 0.027473
0 0.597967 0.883479 0.042514 0.029178
0 0.083487 0.665214 0.037585 0.026904
0 0.084104 0.621448 0.043746 0.029178
0 0.158195 0.885942 0.038509 0.026904
0 0.813771 0.529651 0.042822 0.027851
0 0.776494 0.488443 0.038509 0.026525
0 0.574399 0.574460 0.040357 0.026146
1 0.950555 0.017905 0.031115 0.022546
1 0.909889 0.105911 0.034812 0.022736
1 0.790511 0.359038 0.035736 0.021599
1 0.816697 0.488158 0.035736 0.021410
1 0.855206 0.529272 0.035736 0.022167
1 0.634627 0.529841 0.032039 0.021031
1 0.644794 0.573607 0.031423 0.021410
1 0.707486 0.660099 0.033580 0.021220
1 0.788971 0.879595 0.032656 0.022925
1 0.636014 0.930940 0.037277 0.022546
1 0.172674 0.976696 0.040357 0.026904
1 0.388016 0.841322 0.033580 0.021789
1 0.162816 0.750474 0.034196 0.020083
1 0.097659 0.579481 0.032039 0.021410
0 0.051756 0.535998 0.033272 0.026904
1 0.355052 0.278515 0.033580 0.021220
1 0.168977 0.199318 0.034196 0.022357
1 0.390327 0.197234 0.035736 0.020462
1 0.289741 0.115385 0.034812 0.021978
1 0.184997 0.072850 0.030499 0.023304
1 0.219501 0.072565 0.032964 0.022357
1 0.470117 0.024536 0.035120 0.021789
1 0.553450 0.068302 0.036661 0.023683
1 0.089957 0.161520 0.028343 0.021031
1 0.264325 0.158299 0.035120 0.025199
1 0.562847 0.112069 0.033888 0.022546
2 0.699168 0.153846 0.044670 0.024631
2 0.872921 0.273588 0.044670 0.022357
2 0.601972 0.154888 0.042514 0.022167
2 0.696242 0.360269 0.043130 0.022925
2 0.882009 0.357901 0.041898 0.024252
2 0.678681 0.573986 0.040665 0.023304
2 0.828558 0.613964 0.042822 0.022925
2 0.805761 0.657067 0.040974 0.023115
2 0.662970 0.660383 0.043746 0.023304
2 0.597505 0.749242 0.042206 0.022925
2 0.177757 0.799451 0.041898 0.022925
2 0.274954 0.577113 0.040357 0.023115
2 0.425601 0.534104 0.040974 0.022736
2 0.348429 0.407730 0.042514 0.024252
2 0.392945 0.280125 0.043438 0.023683
2 0.242452 0.115100 0.046211 0.023683
2 0.445779 0.405836 0.043130 0.023873
2 0.459026 0.448276 0.043130 0.022736
3 0.920672 0.061197 0.059458 0.026525
3 0.553450 0.156214 0.055145 0.024820
3 0.552526 0.198276 0.058226 0.025578
3 0.723968 0.278704 0.056069 0.024631
3 0.922366 0.274346 0.057917 0.024252
3 0.927603 0.358659 0.053604 0.026525
3 0.742914 0.360080 0.058226 0.025199
3 0.556685 0.405078 0.052988 0.024252
3 0.515712 0.491758 0.052988 0.024820
3 0.725970 0.573039 0.055145 0.025957
3 0.703173 0.617942 0.058842 0.025957
3 0.779729 0.615006 0.052988 0.025767
3 0.836414 0.570671 0.054221 0.021978
3 0.552988 0.841986 0.058534 0.026146
3 0.922212 0.879689 0.055145 0.024631
3 0.430992 0.980201 0.049908 0.025578
3 0.219347 0.979917 0.056685 0.024631
3 0.089187 0.887173 0.047751 0.023304
3 0.430992 0.843407 0.058534 0.025199
3 0.359211 0.797935 0.050524 0.025578
3 0.361060 0.663698 0.052988 0.025388
3 0.170672 0.621826 0.049908 0.026525
3 0.370764 0.494221 0.050216 0.025578
3 0.432224 0.494316 0.056685 0.025767
3 0.272643 0.366142 0.054221 0.025578
3 0.185459 0.282493 0.052988 0.024252
3 0.262169 0.241379 0.052988 0.023873
3 0.316852 0.199792 0.059458 0.026336
3 0.404190 0.158014 0.054221 0.023494
3 0.039895 0.164362 0.048367 0.022925
3 0.192699 0.116427 0.055145 0.026715
3 0.331331 0.114816 0.054529 0.024252
3 0.196242 0.027757 0.053604 0.024820
2 0.661275 0.065271 0.044670 0.023304
4 0.621380 0.280504 0.030191 0.025578
4 0.645872 0.361595 0.033580 0.022546
1 0.536815 0.662467 0.034196 0.019515
1 0.598737 0.705949 0.037277 0.025009
1 0.583949 0.619458 0.034196 0.025957
2 0.699014 0.749053 0.044362 0.023683
4 0.786198 0.975843 0.028343 0.023304
4 0.906192 0.976506 0.027418 0.024631
4 0.209489 0.752747 0.033272 0.024252
4 0.396950 0.887268 0.030499 0.024252
1 0.286969 0.450834 0.032964 0.021031
4 0.394640 0.405741 0.033888 0.023683
3 0.156808 0.366142 0.054221 0.025578
0 0.043438 0.410193 0.034504 0.026904
0 0.042668 0.886321 0.040357 0.026525
2 0.479975 0.979822 0.043746 0.023304
0 0.921750 0.150720 0.041282 0.029746
2 0.954868 0.399583 0.042822 0.022736
2 0.913740 0.400720 0.041898 0.021978
5 0.803758 0.836207 0.034504 0.024820
5 0.561614 0.748484 0.032039 0.028230
5 0.587646 0.363300 0.031731 0.023304
5 0.709489 0.237211 0.033272 0.023873
5 0.605360 0.111216 0.033888 0.024252
5 0.419285 0.197518 0.032656 0.022167
5 0.492298 0.199223 0.034504 0.022546
1 0.499846 0.363016 0.031115 0.021599
5 0.230746 0.708696 0.032656 0.023683
5 0.179298 0.579860 0.030191 0.024062
5 0.281423 0.537230 0.032348 0.022167
5 0.254467 0.407162 0.033888 0.024631
5 0.312539 0.408583 0.032964 0.022925
5 0.209643 0.323039 0.036044 0.026146
5 0.100739 0.028325 0.030191 0.022925
5 0.147874 0.323513 0.028959 0.021410
0 0.053142 0.322660 0.039741 0.025388
5 0.091497 0.321808 0.030191 0.025578
5 0.246149 0.494316 0.035120 0.026904
2 0.739372 0.318397 0.044362 0.023683
