0 0.618983 0.076902 0.093551 0.021867
3 0.890100 0.547777 0.107175 0.018743
4 0.481381 0.576994 0.074478 0.018008
2 0.125795 0.792631 0.091735 0.019294
0 0.710718 0.729787 0.084469 0.021499
2 0.121708 0.638093 0.090827 0.018559
3 0.168029 0.237596 0.101726 0.018743
0 0.124432 0.173190 0.110808 0.020764
1 0.852861 0.823502 0.078111 0.018559
3 0.389192 0.516171 0.099001 0.020213
0 0.076294 0.109427 0.087193 0.023337
0 0.846957 0.641676 0.080836 0.021683
3 0.754314 0.142962 0.108084 0.018743
3 0.373297 0.729236 0.099909 0.018559
0 0.471390 0.486126 0.081744 0.020029
2 0.261126 0.883407 0.093551 0.018192
2 0.856948 0.731257 0.099001 0.018192
0 0.116712 0.422914 0.126249 0.021867
2 0.909628 0.671904 0.091735 0.019662
1 0.426885 0.425395 0.083560 0.019478
0 0.458674 0.607497 0.079927 0.020213
1 0.922343 0.518559 0.069936 0.018008
2 0.105359 0.514517 0.096276 0.017641
0 0.223433 0.851893 0.078111 0.020213
2 0.630790 0.762220 0.095368 0.018743
1 0.100817 0.453785 0.081744 0.019662
3 0.267484 0.360621 0.106267 0.018192
0 0.182561 0.945149 0.081744 0.021867
3 0.846049 0.792723 0.104450 0.018008
2 0.904632 0.364112 0.099909 0.021132
0 0.478202 0.545296 0.084469 0.020764
3 0.545413 0.884234 0.104450 0.018008
2 0.706176 0.301635 0.093551 0.018559
3 0.404632 0.454612 0.113533 0.019478
0 0.480018 0.175211 0.089918 0.022234
4 0.427793 0.945333 0.074478 0.019294
4 0.570391 0.486586 0.078111 0.019478
3 0.821526 0.762312 0.104450 0.018927
2 0.074932 0.696803 0.088102 0.018008
3 0.594005 0.946435 0.107175 0.018559
3 0.721163 0.947262 0.098093 0.018376
0 0.214805 0.299430 0.084469 0.021132
3 0.639873 0.331220 0.104450 0.018192
1 0.731153 0.363653 0.072661 0.018743
0 0.721163 0.486402 0.079927 0.020213
0 0.542234 0.760658 0.078111 0.020397
3 0.896004 0.239434 0.108084 0.018743
1 0.524523 0.455531 0.084469 0.019111
1 0.664396 0.547960 0.075386 0.019111
2 0.761580 0.179254 0.097184 0.021499
3 0.899183 0.332598 0.105359 0.019478
1 0.643506 0.427141 0.084469 0.018927
3 0.320163 0.761393 0.106267 0.019294
1 0.749773 0.669791 0.073569 0.017641
2 0.589010 0.608324 0.095368 0.018927
4 0.044051 0.328648 0.064487 0.019294
2 0.388283 0.393513 0.091735 0.018927
2 0.801090 0.332047 0.090827 0.018376
4 0.215713 0.141768 0.077203 0.019294
0 0.163942 0.328188 0.082652 0.020581
0 0.366939 0.142043 0.083560 0.020213
2 0.775204 0.427416 0.108084 0.019111
0 0.468665 0.729511 0.079927 0.020213
3 0.373297 0.639103 0.101726 0.018376
0 0.572207 0.515803 0.085377 0.020581
3 0.174841 0.978501 0.102634 0.019846
2 0.653951 0.143697 0.096276 0.020213
2 0.665304 0.455899 0.099001 0.018743
0 0.812443 0.362551 0.084469 0.021683
0 0.376476 0.075983 0.086285 0.020764
3 0.206630 0.913910 0.106267 0.018192
0 0.364668 0.978592 0.086285 0.021499
0 0.688465 0.854741 0.083560 0.018927
2 0.455949 0.239342 0.096276 0.019294
3 0.887375 0.978960 0.101726 0.018927
0 0.184378 0.205531 0.087193 0.020764
4 0.316076 0.607589 0.074478 0.018192
3 0.644414 0.669423 0.104450 0.018376
1 0.754314 0.979419 0.073569 0.018743
2 0.279292 0.945608 0.100817 0.019478
3 0.437784 0.792907 0.101726 0.018743
2 0.867393 0.488240 0.090827 0.018743
0 0.861944 0.394983 0.085377 0.021132
1 0.389646 0.699559 0.074478 0.018743
0 0.376930 0.668504 0.079927 0.020581
3 0.299273 0.544745 0.106267 0.018927
2 0.825159 0.947905 0.095368 0.018192
3 0.200272 0.515252 0.102634 0.019111
0 0.288374 0.822767 0.084469 0.021132
3 0.721617 0.239802 0.100817 0.018743
2 0.794278 0.548144 0.099001 0.018008
0 0.319255 0.299982 0.086285 0.021132
2 0.315622 0.852811 0.099001 0.018376
1 0.306540 0.791988 0.077203 0.017641
0 0.665304 0.175671 0.089918 0.021316
0 0.458220 0.046490 0.088102 0.021683
1 0.679382 0.048420 0.076294 0.018927
3 0.764759 0.456358 0.105359 0.018927
4 0.768847 0.046766 0.080836 0.020029
1 0.199818 0.486953 0.078111 0.018743
0 0.686649 0.014517 0.089010 0.022051
2 0.567666 0.546950 0.101726 0.018559
1 0.863760 0.609886 0.074478 0.018008
0 0.583106 0.013598 0.085377 0.020581
0 0.823797 0.670158 0.078111 0.021316
3 0.396912 0.013139 0.101726 0.017824
4 0.557221 0.728684 0.100817 0.021499
2 0.304723 0.013322 0.089918 0.017824
4 0.546776 0.792631 0.083560 0.019294
0 0.145777 0.012036 0.079019 0.019294
4 0.030881 0.012036 0.059946 0.018927
3 0.673025 0.793275 0.101726 0.017641
4 0.231153 0.012404 0.069936 0.017824
3 0.506358 0.854282 0.102634 0.018743
4 0.371026 0.045388 0.080836 0.020581
2 0.446866 0.823778 0.096276 0.017641
0 0.275658 0.330301 0.088102 0.021867
2 0.480018 0.270856 0.097184 0.018743
4 0.598093 0.239618 0.075386 0.018376
0 0.359673 0.238699 0.085377 0.020581
1 0.042688 0.238240 0.069028 0.020029
4 0.050409 0.204061 0.075386 0.020029
1 0.571299 0.143789 0.069028 0.018559
1 0.467757 0.111172 0.079927 0.020581
5 0.505450 0.014057 0.080836 0.018559
5 0.550409 0.112183 0.087193 0.021132
5 0.399637 0.175671 0.078111 0.019111
5 0.351045 0.270581 0.082652 0.018927
5 0.601272 0.363102 0.079927 0.018376
5 0.465940 0.363010 0.083560 0.020397
5 0.314714 0.455439 0.088102 0.021132
5 0.496367 0.516814 0.079019 0.018927
5 0.308356 0.515895 0.082652 0.018927
5 0.410082 0.546582 0.066303 0.018927
5 0.489101 0.639838 0.082652 0.018376
5 0.291553 0.639195 0.085377 0.019294
5 0.428247 0.762128 0.082652 0.018192
5 0.592643 0.854741 0.071753 0.017089
5 0.738874 0.886898 0.080836 0.017824
5 0.871026 0.886623 0.074478 0.017273
5 0.094460 0.944598 0.094460 0.019294
5 0.101272 0.913543 0.102634 0.018192
5 0.202997 0.638276 0.077203 0.018927
5 0.154859 0.607957 0.073569 0.018559
5 0.260218 0.392870 0.084469 0.018008
5 0.276567 0.238791 0.080836 0.020397
5 0.874659 0.457369 0.085377 0.018743
5 0.559946 0.332231 0.080836 0.019111
