0 0.751304 0.019181 0.073043 0.021025
0 0.374783 0.017798 0.083478 0.020841
0 0.608696 0.050719 0.083478 0.019919
0 0.912174 0.085485 0.081739 0.021210
0 0.179130 0.081520 0.081739 0.019550
0 0.266957 0.116378 0.086957 0.021763
0 0.910000 0.118222 0.080870 0.021763
0 0.910000 0.149852 0.086087 0.020841
0 0.392609 0.179823 0.084348 0.021763
0 0.196957 0.241516 0.082609 0.022316
0 0.753043 0.243821 0.088696 0.021763
0 0.852174 0.275452 0.080000 0.020841
0 0.419130 0.272870 0.083478 0.021210
0 0.555217 0.303578 0.084348 0.023608
0 0.626522 0.335946 0.082609 0.019734
0 0.271739 0.428993 0.087826 0.021394
0 0.157826 0.489211 0.080870 0.020472
0 0.675652 0.524161 0.083478 0.019550
0 0.912174 0.584655 0.078261 0.021394
0 0.604348 0.613427 0.088696 0.021763
0 0.908261 0.647178 0.075652 0.019919
0 0.866522 0.676964 0.084348 0.021948
0 0.625652 0.708410 0.086087 0.020657
0 0.907826 0.709240 0.078261 0.021579
0 0.906957 0.739856 0.076522 0.019366
0 0.230000 0.768720 0.084348 0.021025
0 0.655652 0.831981 0.083478 0.019919
0 0.753478 0.831059 0.082609 0.020288
0 0.848696 0.861306 0.081739 0.020657
0 0.632174 0.924567 0.076522 0.021763
0 0.905652 0.988565 0.072174 0.020288
0 0.112609 0.830413 0.075652 0.019734
1 0.632609 0.118406 0.073913 0.018812
1 0.585652 0.181391 0.079130 0.018997
1 0.051304 0.179362 0.064348 0.020841
1 0.477826 0.305146 0.079130 0.019366
1 0.599565 0.368038 0.075652 0.018259
1 0.773913 0.430837 0.074783 0.019181
1 0.777391 0.460439 0.071304 0.018997
1 0.358696 0.460900 0.077391 0.018443
1 0.354348 0.523331 0.068696 0.018628
1 0.118261 0.582903 0.092174 0.018628
1 0.362609 0.708226 0.073043 0.019181
1 0.407391 0.770011 0.077391 0.018812
0 0.814348 0.891553 0.087826 0.019919
1 0.089565 0.892198 0.074783 0.019734
1 0.296957 0.018351 0.072174 0.018259
2 0.467826 0.018443 0.095652 0.018443
2 0.094348 0.017060 0.082609 0.017890
2 0.761739 0.181391 0.102609 0.018259
2 0.488696 0.181759 0.102609 0.019366
2 0.649565 0.305699 0.099130 0.018997
2 0.836957 0.306160 0.096522 0.019181
2 0.242609 0.367300 0.097391 0.020103
2 0.369565 0.429823 0.095652 0.018259
2 0.600435 0.459793 0.094783 0.018812
2 0.236087 0.491424 0.091304 0.020103
2 0.828261 0.492623 0.098261 0.018443
2 0.868261 0.555422 0.094783 0.019366
2 0.471304 0.738657 0.083478 0.018812
2 0.538696 0.769734 0.096522 0.018628
2 0.313478 0.768812 0.096522 0.020103
2 0.143478 0.862044 0.083478 0.017337
2 0.518261 0.892660 0.092174 0.018443
2 0.248696 0.955183 0.093913 0.021394
2 0.540435 0.988842 0.091304 0.018997
3 0.896087 0.053578 0.103478 0.019366
3 0.726957 0.085116 0.102609 0.018997
3 0.359565 0.083364 0.101739 0.019550
3 0.647826 0.019089 0.099130 0.018997
3 0.602609 0.150129 0.107826 0.019181
3 0.726087 0.150775 0.106087 0.019366
3 0.331739 0.148838 0.101739 0.019550
3 0.163043 0.179546 0.103478 0.019734
3 0.857826 0.181022 0.101739 0.019734
3 0.639130 0.243545 0.107826 0.018997
3 0.232174 0.272409 0.104348 0.019550
3 0.326957 0.303394 0.104348 0.019919
3 0.903478 0.338159 0.093913 0.018997
3 0.557826 0.429270 0.103478 0.018628
3 0.713478 0.400037 0.096522 0.018443
3 0.894783 0.431391 0.100870 0.019181
3 0.898261 0.461453 0.106087 0.018443
3 0.415652 0.490963 0.100870 0.017706
3 0.664348 0.491424 0.104348 0.020472
3 0.499130 0.523331 0.095652 0.019366
3 0.263043 0.522224 0.094783 0.018259
3 0.258696 0.583180 0.103478 0.019550
3 0.557826 0.584286 0.096522 0.018443
3 0.737391 0.584378 0.099130 0.018259
3 0.732174 0.647639 0.093913 0.017890
3 0.553913 0.646164 0.099130 0.018259
3 0.288696 0.645149 0.093913 0.018812
3 0.735217 0.708687 0.101739 0.018997
3 0.189565 0.736260 0.090435 0.018443
3 0.377826 0.736813 0.105217 0.018812
3 0.480000 0.831059 0.100870 0.018443
3 0.899130 0.770103 0.095652 0.018259
3 0.224783 0.892198 0.093043 0.018997
3 0.420000 0.891000 0.104348 0.019181
3 0.444348 0.988104 0.095652 0.018628
3 0.322609 0.987459 0.104348 0.019181
3 0.724348 0.988842 0.095652 0.019366
3 0.894783 0.925120 0.100870 0.019181
3 0.629565 0.769181 0.095652 0.017890
3 0.900870 0.400682 0.102609 0.018997
3 0.353043 0.399023 0.099130 0.019366
4 0.501304 0.210623 0.079130 0.019550
4 0.530870 0.398838 0.082609 0.020472
4 0.362609 0.583825 0.078261 0.018997
2 0.905217 0.892106 0.095652 0.019181
2 0.512174 0.798691 0.071304 0.020103
1 0.772174 0.769181 0.073043 0.017890
5 0.566522 0.020011 0.079130 0.018259
5 0.556957 0.244467 0.075652 0.019366
5 0.499565 0.274991 0.075652 0.018443
5 0.924348 0.308004 0.074783 0.018443
5 0.820435 0.400590 0.077391 0.018443
5 0.635652 0.400867 0.076522 0.018628
5 0.650435 0.431022 0.080000 0.018443
5 0.521304 0.460255 0.079130 0.018259
5 0.583478 0.492254 0.078261 0.017706
5 0.502174 0.491700 0.072174 0.017706
5 0.751739 0.523884 0.070435 0.017890
5 0.748261 0.553947 0.082609 0.020103
5 0.642609 0.585762 0.074783 0.020288
5 0.528696 0.613888 0.074783 0.018259
5 0.640000 0.646809 0.073043 0.016968
5 0.524348 0.677056 0.080000 0.019181
5 0.834348 0.740594 0.072174 0.018259
5 0.494783 0.862689 0.074783 0.018259
1 0.734348 0.892475 0.073913 0.017706
1 0.595217 0.956842 0.070435 0.018443
5 0.214783 0.862689 0.069565 0.019366
5 0.332609 0.831428 0.070435 0.017337
5 0.109130 0.768351 0.077391 0.020657
1 0.084783 0.490133 0.070435 0.017890
5 0.410870 0.242899 0.072174 0.018812
5 0.272609 0.182036 0.080870 0.018812
5 0.276522 0.082995 0.078261 0.018812
1 0.065217 0.735706 0.057391 0.018443
