0 0.967613 0.063565 0.030044 0.027044
0 0.852674 0.063245 0.028942 0.028109
0 0.804162 0.199957 0.031698 0.029387
0 0.735116 0.246806 0.030871 0.028109
0 0.676819 0.295358 0.030044 0.029387
0 0.923925 0.336563 0.025910 0.031729
0 0.794653 0.473595 0.038037 0.033220
0 0.763920 0.927917 0.031147 0.033859
0 0.429576 0.752875 0.029493 0.029600
0 0.603776 0.654600 0.027839 0.032368
0 0.443633 0.428024 0.032800 0.031090
0 0.611907 0.431644 0.029217 0.031516
0 0.492834 0.380963 0.031422 0.031942
0 0.581036 0.247338 0.030320 0.034710
0 0.075110 0.068250 0.025634 0.028322
0 0.173098 0.113501 0.029217 0.033220
0 0.136852 0.156836 0.030595 0.032581
0 0.187018 0.203258 0.028942 0.031303
0 0.201075 0.245315 0.026736 0.028961
0 0.142916 0.381921 0.030044 0.030877
0 0.084482 0.609348 0.030595 0.034710
0 0.112321 0.701342 0.031147 0.030877
0 0.143054 0.928556 0.031974 0.028322
0 0.291896 0.338905 0.028115 0.031729
0 0.324835 0.293974 0.028390 0.028322
0 0.662073 0.153748 0.028666 0.030664
0 0.937569 0.749361 0.031698 0.037053
0 0.369763 0.114353 0.031698 0.030239
0 0.318633 0.473595 0.031422 0.031516
1 0.125138 0.974233 0.026461 0.028109
1 0.063396 0.841461 0.025358 0.027470
1 0.177370 0.564949 0.026185 0.025980
1 0.105568 0.342100 0.026461 0.026193
1 0.110943 0.115950 0.025634 0.024915
1 0.242282 0.020336 0.030320 0.024915
1 0.249724 0.116908 0.025910 0.024702
1 0.245865 0.613394 0.025910 0.026618
1 0.389471 0.611371 0.027563 0.025128
1 0.324008 0.705068 0.028390 0.026405
1 0.246692 0.795358 0.023705 0.024276
1 0.447630 0.796210 0.027012 0.026405
1 0.514195 0.206665 0.027839 0.030026
1 0.494763 0.341567 0.028115 0.026405
1 0.549890 0.477641 0.028115 0.025554
1 0.552646 0.562926 0.028115 0.028748
1 0.604741 0.610307 0.025358 0.026831
1 0.493385 0.656623 0.023705 0.024915
1 0.621692 0.839225 0.025083 0.028109
1 0.551544 0.888203 0.028115 0.027683
1 0.421720 0.887777 0.029768 0.028109
1 0.049476 0.024170 0.018467 0.027044
1 0.089994 0.521508 0.025083 0.025980
1 0.078142 0.754046 0.025083 0.027683
0 0.362596 0.475618 0.028390 0.030877
1 0.512128 0.022040 0.025910 0.022785
1 0.539278 0.068356 0.027839 0.025980
1 0.555954 0.751384 0.024256 0.024063
1 0.718853 0.612543 0.027563 0.027470
1 0.830623 0.750426 0.026736 0.025554
1 0.958931 0.474127 0.028115 0.025767
1 0.970094 0.428982 0.026185 0.025341
1 0.955899 0.115204 0.028115 0.027257
1 0.832277 0.116163 0.027839 0.024915
1 0.721334 0.116589 0.025910 0.026618
1 0.783352 0.159072 0.021499 0.025980
1 0.917723 0.063352 0.026736 0.024915
1 0.573181 0.115843 0.025634 0.024702
1 0.633958 0.160562 0.028115 0.026831
1 0.719542 0.158752 0.025083 0.024489
1 0.714168 0.203045 0.027563 0.024489
1 0.593026 0.159497 0.027839 0.027683
1 0.690739 0.067824 0.026461 0.025341
1 0.479190 0.251065 0.024531 0.025980
1 0.514333 0.562819 0.027012 0.026405
1 0.579934 0.840183 0.025358 0.024489
1 0.127894 0.066865 0.028666 0.024702
1 0.110943 0.161201 0.026736 0.026405
2 0.094818 0.977428 0.033627 0.034072
2 0.075110 0.929514 0.032800 0.026405
2 0.242558 0.935477 0.036935 0.026831
2 0.201764 0.843058 0.036384 0.025980
2 0.147189 0.755430 0.036384 0.030026
2 0.167861 0.614353 0.036935 0.029387
2 0.099917 0.567291 0.037762 0.028535
2 0.049752 0.433241 0.033903 0.028322
2 0.214994 0.388309 0.036935 0.029600
2 0.250000 0.433028 0.037486 0.029174
2 0.061880 0.208688 0.031147 0.029813
2 0.023705 0.206239 0.026461 0.023637
2 0.474917 0.162053 0.034730 0.028961
1 0.379410 0.296529 0.025634 0.025341
2 0.378170 0.566333 0.037486 0.030451
2 0.389333 0.705068 0.034454 0.028535
2 0.496555 0.703790 0.034454 0.025554
2 0.493523 0.519698 0.038313 0.025767
2 0.590546 0.203152 0.036108 0.026405
2 0.595507 0.343164 0.038313 0.027044
2 0.572492 0.934625 0.038037 0.028961
2 0.429851 0.934732 0.036108 0.026193
2 0.518330 0.975618 0.035557 0.025767
2 0.734427 0.977534 0.041069 0.029600
2 0.699421 0.840928 0.036659 0.027683
2 0.691290 0.793761 0.033076 0.025341
2 0.733600 0.756814 0.039416 0.035775
2 0.880650 0.753727 0.034730 0.031729
3 0.701213 0.247658 0.033627 0.023850
3 0.765573 0.294506 0.035557 0.022998
3 0.893330 0.337202 0.036384 0.023637
3 0.800717 0.339012 0.035832 0.023850
3 0.937982 0.428982 0.035281 0.025341
3 0.763093 0.519911 0.034454 0.024489
2 0.814774 0.520230 0.036935 0.028535
3 0.789829 0.561222 0.036659 0.024063
3 0.920066 0.608816 0.035281 0.025128
1 0.914553 0.837947 0.023153 0.025554
3 0.803335 0.930366 0.038864 0.024702
3 0.608600 0.931857 0.039140 0.025128
3 0.715270 0.930792 0.037486 0.024702
3 0.617144 0.701555 0.031422 0.021934
3 0.517365 0.610413 0.034730 0.023211
3 0.703418 0.562181 0.038037 0.023424
3 0.659316 0.519485 0.034730 0.026618
3 0.516814 0.477002 0.033627 0.024276
3 0.551957 0.431112 0.033903 0.024063
3 0.537073 0.384476 0.035557 0.024915
3 0.442117 0.295890 0.033627 0.025341
3 0.635474 0.247658 0.033903 0.022998
3 0.472712 0.203258 0.033076 0.022785
3 0.415794 0.249894 0.030595 0.023211
3 0.467200 0.021401 0.031974 0.022359
3 0.415380 0.021934 0.033076 0.023850
3 0.352536 0.021188 0.031422 0.022785
3 0.507029 0.067504 0.035557 0.023424
3 0.355017 0.340183 0.034730 0.024063
3 0.390436 0.339544 0.033352 0.023637
3 0.340408 0.563991 0.032525 0.023637
3 0.290380 0.841461 0.034454 0.024063
3 0.150772 0.840716 0.032525 0.023424
3 0.090821 0.797381 0.036108 0.023637
3 0.181505 0.751491 0.035006 0.022572
3 0.080347 0.704962 0.033903 0.022785
3 0.251792 0.519272 0.038864 0.026618
3 0.292999 0.294719 0.030320 0.021721
3 0.063258 0.115737 0.028942 0.021934
3 0.042310 0.068569 0.038864 0.023424
4 0.289553 0.932602 0.028942 0.024489
4 0.246555 0.841248 0.027288 0.023637
4 0.225882 0.206452 0.026736 0.025341
4 0.431367 0.160456 0.030320 0.025767
4 0.327591 0.250426 0.023429 0.024276
4 0.328004 0.431431 0.027563 0.024702
4 0.421169 0.564842 0.025358 0.027044
4 0.382993 0.656623 0.026736 0.023211
4 0.523705 0.933667 0.025910 0.026193
4 0.469405 0.976150 0.030320 0.025128
4 0.549063 0.341035 0.023705 0.024063
4 0.638782 0.383305 0.024531 0.024276
4 0.689085 0.885754 0.027012 0.024915
1 0.890573 0.610307 0.029768 0.027683
4 0.838754 0.560796 0.029768 0.025341
2 0.950386 0.295251 0.033627 0.026193
4 0.735805 0.430686 0.026736 0.024915
4 0.946389 0.517568 0.025634 0.025341
0 0.742558 0.019378 0.029768 0.031090
2 0.696251 0.021934 0.037486 0.025128
1 0.968302 0.018952 0.027012 0.025128
5 0.821940 0.064842 0.027563 0.024489
5 0.924476 0.159497 0.023153 0.025980
1 0.902426 0.245954 0.026461 0.025980
5 0.869763 0.293654 0.028942 0.026405
5 0.861218 0.382666 0.031698 0.027257
1 0.942530 0.882879 0.027839 0.025980
5 0.739664 0.840503 0.025083 0.024702
5 0.738561 0.295464 0.028942 0.024063
5 0.714168 0.339757 0.032525 0.030026
5 0.829796 0.474659 0.026185 0.022572
5 0.582277 0.562181 0.031147 0.025980
1 0.676681 0.432602 0.027563 0.026193
5 0.676957 0.340928 0.024256 0.025554
5 0.529355 0.249574 0.027839 0.025128
5 0.342337 0.117121 0.026461 0.025128
5 0.396499 0.161307 0.026736 0.024063
5 0.312982 0.206772 0.031147 0.025980
1 0.394157 0.206239 0.026461 0.026193
5 0.329520 0.340928 0.024531 0.023850
5 0.407525 0.656836 0.024531 0.023637
5 0.310502 0.796848 0.028390 0.025554
5 0.222161 0.974020 0.031422 0.025128
5 0.109702 0.928663 0.024807 0.025128
5 0.106533 0.841354 0.030044 0.025128
5 0.202040 0.432922 0.026461 0.025128
5 0.094956 0.385967 0.023980 0.023637
5 0.148429 0.296316 0.023980 0.023637
5 0.216373 0.296422 0.024807 0.023850
5 0.087652 0.203897 0.025358 0.024915
5 0.148980 0.116376 0.026185 0.024489
5 0.091373 0.116376 0.021775 0.024063
5 0.226571 0.116802 0.024807 0.024489
5 0.088479 0.250106 0.026461 0.024489
5 0.234289 0.159284 0.030871 0.025554
