1 0.456755 0.815180 0.029661 0.023702
3 0.531281 0.983445 0.025174 0.015017
5 0.859048 0.191605 0.025673 0.024606
0 0.890703 0.150081 0.025673 0.025149
2 0.154038 0.403112 0.033400 0.028225
1 0.339232 0.566130 0.029910 0.026054
4 0.178215 0.774290 0.024925 0.024064
2 0.479063 0.609010 0.035892 0.022797
2 0.884222 0.903202 0.034646 0.024968
1 0.675224 0.524968 0.030409 0.025149
2 0.650673 0.440745 0.020688 0.014113
0 0.748131 0.358151 0.026171 0.025511
5 0.768943 0.735299 0.027418 0.022797
1 0.915628 0.649810 0.024177 0.020807
2 0.155533 0.027320 0.032403 0.022797
2 0.606431 0.358151 0.031406 0.024787
1 0.880484 0.859236 0.027168 0.027501
2 0.147059 0.105935 0.033898 0.020445
2 0.396685 0.900941 0.032154 0.025149
1 0.406406 0.731952 0.023180 0.021531
1 0.917124 0.191243 0.024676 0.024245
2 0.743395 0.442374 0.022183 0.016284
5 0.810693 0.607020 0.027168 0.023521
1 0.877243 0.566401 0.027168 0.023702
2 0.165628 0.274199 0.034148 0.025149
5 0.384347 0.815632 0.024427 0.023521
4 0.177966 0.608287 0.022931 0.026054
5 0.632478 0.357156 0.026670 0.024245
5 0.490902 0.564592 0.028166 0.022978
1 0.323405 0.985254 0.015703 0.013208
5 0.793993 0.318256 0.024177 0.022797
0 0.369890 0.984983 0.020937 0.019179
2 0.941176 0.736475 0.030907 0.024064
4 0.086864 0.522164 0.020189 0.023883
1 0.935693 0.567125 0.025922 0.025873
2 0.611167 0.524516 0.030409 0.023521
5 0.793993 0.401122 0.026670 0.024606
3 0.730060 0.190700 0.029910 0.023521
4 0.197532 0.478650 0.026171 0.024787
5 0.313684 0.479374 0.026670 0.023702
5 0.705010 0.359779 0.027168 0.021531
4 0.479686 0.856613 0.024676 0.025149
1 0.463734 0.771847 0.029163 0.027139
2 0.790753 0.775647 0.029163 0.022797
2 0.148804 0.189434 0.032901 0.024968
4 0.165877 0.564773 0.021186 0.025149
3 0.370015 0.565678 0.033151 0.024064
5 0.635219 0.317894 0.026670 0.022797
4 0.706381 0.025963 0.023430 0.023340
2 0.267572 0.984621 0.019192 0.014836
2 0.608175 0.319432 0.030907 0.024426
5 0.711117 0.317713 0.025922 0.023883
0 0.458250 0.985254 0.018694 0.017188
5 0.311939 0.650353 0.026670 0.021531
2 0.157527 0.147277 0.032901 0.022797
2 0.544492 0.439660 0.020189 0.015922
1 0.423355 0.984530 0.015703 0.016103
2 0.350823 0.902660 0.034646 0.027139
2 0.901296 0.319794 0.029910 0.025511
5 0.335244 0.692962 0.028415 0.023883
4 0.161889 0.522345 0.023180 0.022435
0 0.824153 0.902841 0.031655 0.026778
3 0.568918 0.190881 0.032154 0.023521
1 0.600199 0.982902 0.016949 0.015741
4 0.176471 0.900398 0.024427 0.025149
5 0.940304 0.359508 0.026171 0.023159
2 0.874751 0.400941 0.032652 0.023521
3 0.630733 0.274923 0.033649 0.021893
3 0.934821 0.274652 0.033649 0.022073
5 0.780160 0.566673 0.030409 0.023883
3 0.936191 0.901845 0.036889 0.024787
0 0.749128 0.108739 0.030160 0.026054
5 0.796610 0.358694 0.024427 0.024064
1 0.746510 0.276642 0.023928 0.022797
2 0.151421 0.317080 0.034646 0.025511
0 0.764581 0.149720 0.027168 0.025149
3 0.352567 0.608920 0.035643 0.024064
5 0.940553 0.400941 0.023180 0.024606
2 0.486291 0.900669 0.035394 0.024606
1 0.794492 0.901484 0.028166 0.026235
3 0.459746 0.690972 0.034646 0.023159
2 0.790254 0.816989 0.034148 0.022978
1 0.702517 0.401031 0.027667 0.025149
5 0.938933 0.317894 0.026919 0.023883
4 0.179586 0.691153 0.025673 0.024968
2 0.916002 0.400217 0.029412 0.023159
4 0.177717 0.650715 0.025922 0.024787
5 0.694417 0.273928 0.023928 0.027139
5 0.531157 0.899765 0.026919 0.023883
0 0.360917 0.775466 0.029910 0.029311
5 0.631730 0.399765 0.024177 0.022978
4 0.176844 0.731952 0.023679 0.025149
4 0.178963 0.854804 0.023430 0.024787
0 0.465479 0.732224 0.030160 0.024968
5 0.528415 0.524516 0.027418 0.023521
5 0.321785 0.815361 0.029910 0.025511
3 0.371884 0.650353 0.033400 0.021169
5 0.859920 0.232947 0.030409 0.023702
5 0.854187 0.149629 0.025424 0.023883
3 0.223330 0.522164 0.033898 0.024968
2 0.156780 0.066311 0.027418 0.021169
1 0.734422 0.233038 0.027168 0.022797
2 0.412388 0.857789 0.035643 0.023159
2 0.417124 0.609101 0.034148 0.024787
3 0.791999 0.275014 0.032652 0.022797
2 0.156780 0.357156 0.033400 0.025330
5 0.347208 0.733852 0.029910 0.023159
2 0.932827 0.693505 0.036640 0.024968
2 0.150673 0.233671 0.036142 0.028406
5 0.425847 0.901031 0.029661 0.024606
4 0.866401 0.025421 0.022433 0.021531
1 0.768320 0.318075 0.024676 0.023159
4 0.174477 0.813280 0.026919 0.024968
3 0.939556 0.022978 0.029163 0.022435
2 0.433200 0.650443 0.034895 0.024606
3 0.874626 0.693143 0.033898 0.023159
2 0.579262 0.357065 0.031406 0.025149
2 0.270813 0.523430 0.034646 0.023159
