4 0.850391 0.026706 0.039437 0.027540
1 0.592645 0.028270 0.040376 0.028166
0 0.533020 0.029314 0.044444 0.031504
1 0.391236 0.029731 0.037559 0.026914
0 0.286228 0.029001 0.045383 0.035051
5 0.112989 0.033382 0.038185 0.026288
0 0.024726 0.033695 0.041315 0.032339
0 0.861815 0.070415 0.030360 0.019403
3 0.732707 0.073753 0.036307 0.019403
2 0.636307 0.074066 0.037559 0.018777
1 0.565258 0.076153 0.028169 0.017526
2 0.429421 0.077405 0.033177 0.017526
2 0.347731 0.077092 0.033177 0.019403
4 0.259468 0.078135 0.028169 0.018986
1 0.219092 0.079178 0.028169 0.019403
0 0.159468 0.078448 0.032238 0.023367
2 0.879656 0.108387 0.035368 0.018986
2 0.760876 0.110056 0.036307 0.018151
1 0.616588 0.111412 0.028169 0.019612
4 0.484038 0.112456 0.027230 0.020029
1 0.448200 0.114020 0.028169 0.018151
1 0.385603 0.114438 0.026291 0.020238
2 0.189671 0.115794 0.036307 0.020029
1 0.885133 0.144482 0.026291 0.018151
2 0.855243 0.145107 0.035368 0.018151
3 0.819562 0.146985 0.034116 0.018151
4 0.764006 0.146359 0.026291 0.019403
2 0.706416 0.146985 0.034429 0.018151
0 0.548044 0.148341 0.030047 0.020864
3 0.397653 0.152097 0.036620 0.018777
1 0.312520 0.152827 0.027230 0.016065
3 0.241315 0.153453 0.034429 0.017317
1 0.210485 0.152827 0.029108 0.016065
5 0.084820 0.154079 0.024413 0.021490
0 0.823161 0.181410 0.031299 0.022324
4 0.622222 0.184436 0.027543 0.018777
0 0.507199 0.186731 0.033490 0.022116
5 0.466823 0.188504 0.029108 0.020238
0 0.376369 0.188817 0.030360 0.019612
2 0.310955 0.190799 0.034116 0.018151
1 0.180595 0.191112 0.026291 0.018777
3 0.842723 0.219695 0.034116 0.019612
4 0.684194 0.221990 0.026291 0.017526
0 0.612050 0.223034 0.029108 0.020864
5 0.564163 0.222721 0.028482 0.020238
2 0.490610 0.225433 0.032238 0.018986
1 0.291236 0.228145 0.025352 0.018986
2 0.261346 0.227832 0.036307 0.019612
2 0.864476 0.258085 0.033177 0.019612
5 0.819092 0.257772 0.031299 0.021490
0 0.781690 0.257146 0.029108 0.021490
4 0.621127 0.258711 0.025352 0.020864
3 0.359781 0.264135 0.033490 0.020864
0 0.313459 0.263509 0.029108 0.022116
1 0.220970 0.266117 0.026291 0.018151
3 0.150861 0.266117 0.033177 0.019403
4 0.768545 0.294805 0.027230 0.018777
2 0.671674 0.296787 0.033177 0.018986
1 0.640845 0.298456 0.030360 0.019403
1 0.512207 0.298456 0.029108 0.018151
0 0.453208 0.299186 0.030047 0.020864
5 0.413772 0.300125 0.026291 0.018986
5 0.374335 0.300855 0.026291 0.018777
2 0.301252 0.300855 0.035368 0.018777
5 0.232238 0.302525 0.026291 0.019612
4 0.194836 0.302107 0.024100 0.017526
0 0.138341 0.302212 0.028169 0.021490
2 0.086854 0.303150 0.032238 0.019612
4 0.808451 0.331734 0.028169 0.020029
1 0.759468 0.333090 0.027230 0.018986
2 0.731612 0.332777 0.032238 0.019612
1 0.681690 0.333090 0.029421 0.017317
5 0.558685 0.336115 0.029421 0.018360
2 0.433490 0.336428 0.035055 0.016065
2 0.361815 0.337471 0.031299 0.018151
4 0.274491 0.338097 0.026291 0.019403
0 0.161972 0.338410 0.033490 0.022950
0 0.125039 0.339140 0.032238 0.021490
5 0.098279 0.341122 0.031299 0.018777
2 0.864945 0.369706 0.032238 0.016691
3 0.793740 0.371062 0.033177 0.019403
2 0.730203 0.372418 0.033177 0.019612
5 0.700000 0.372522 0.029108 0.018151
4 0.637872 0.372835 0.024413 0.018777
5 0.515806 0.375130 0.026291 0.018360
4 0.419875 0.374609 0.025978 0.018151
1 0.373396 0.375548 0.028169 0.018777
2 0.343192 0.376904 0.032238 0.018986
4 0.802347 0.405070 0.028482 0.021490
0 0.669797 0.407156 0.031299 0.021490
5 0.644288 0.409869 0.027230 0.018986
1 0.514241 0.409869 0.025039 0.017317
4 0.489045 0.410912 0.025352 0.018151
0 0.440063 0.409869 0.028169 0.021490
5 0.414710 0.412477 0.026291 0.018777
3 0.378560 0.412477 0.032238 0.018777
0 0.332081 0.413520 0.028169 0.020864
1 0.292175 0.414250 0.027230 0.018151
4 0.268075 0.414876 0.025352 0.018151
5 0.212989 0.414876 0.025978 0.018151
1 0.186854 0.415189 0.026291 0.017526
2 0.143975 0.416545 0.031299 0.020238
5 0.097340 0.415919 0.033177 0.018986
0 0.771987 0.443146 0.030360 0.020864
5 0.553521 0.447215 0.027230 0.019403
3 0.502034 0.448779 0.033177 0.017526
1 0.389045 0.449614 0.025039 0.017526
3 0.276056 0.451179 0.033177 0.018151
2 0.245696 0.450866 0.031299 0.017526
2 0.188263 0.451492 0.033490 0.017526
5 0.102973 0.453787 0.026291 0.017943
1 0.637402 0.483831 0.025352 0.017526
4 0.613146 0.484144 0.023161 0.018151
2 0.579343 0.485917 0.032551 0.017526
3 0.544131 0.485917 0.032238 0.018777
1 0.517684 0.485917 0.026291 0.018777
3 0.398592 0.487169 0.032238 0.018777
3 0.210955 0.489255 0.032551 0.018777
3 0.866980 0.518569 0.034429 0.018151
2 0.834585 0.518882 0.032238 0.018777
1 0.778717 0.519925 0.031299 0.019612
1 0.702504 0.519925 0.024100 0.016691
0 0.654930 0.519195 0.030360 0.022324
2 0.624257 0.521594 0.033490 0.018777
4 0.511268 0.522220 0.025352 0.016274
2 0.384977 0.523576 0.029421 0.018986
2 0.313459 0.523993 0.033490 0.016900
1 0.251330 0.523263 0.028169 0.016691
2 0.803756 0.555498 0.031299 0.018151
5 0.717214 0.557584 0.027230 0.018151
1 0.582786 0.558940 0.029421 0.016691
0 0.485446 0.558627 0.032551 0.021490
4 0.241158 0.559983 0.024100 0.017526
2 0.114085 0.561235 0.032238 0.016274
2 0.887637 0.591175 0.035055 0.018151
3 0.850861 0.591175 0.038498 0.019403
1 0.819562 0.590862 0.030360 0.018777
1 0.764945 0.591488 0.028169 0.017526
0 0.604538 0.594930 0.032238 0.020238
2 0.575743 0.594200 0.029108 0.016274
2 0.355869 0.595973 0.031299 0.018151
4 0.181690 0.597538 0.024100 0.017526
1 0.756338 0.628208 0.027230 0.016691
0 0.685915 0.629147 0.027230 0.021490
5 0.659624 0.631963 0.029108 0.018777
0 0.494992 0.631233 0.029108 0.022741
2 0.417371 0.631963 0.033490 0.017526
2 0.257433 0.633841 0.032238 0.018777
2 0.225822 0.633841 0.033490 0.018777
0 0.116588 0.633632 0.030986 0.020864
0 0.616275 0.667953 0.033177 0.022324
3 0.534898 0.669727 0.034429 0.018777
1 0.955869 0.713749 0.060720 0.046318
3 0.886072 0.713436 0.080751 0.044440
1 0.513302 0.708012 0.029421 0.018986
3 0.400626 0.709368 0.036307 0.018777
4 0.331142 0.709368 0.028169 0.017526
1 0.281064 0.710307 0.029421 0.018151
2 0.223631 0.710307 0.033490 0.018151
2 0.105477 0.712393 0.035681 0.019403
2 0.579343 0.744210 0.036307 0.018777
4 0.381064 0.746192 0.027230 0.018986
5 0.084351 0.747861 0.025352 0.019403
3 0.889671 0.776862 0.035368 0.019403
2 0.813459 0.777801 0.036307 0.018777
5 0.730203 0.778427 0.027543 0.017526
1 0.521283 0.780826 0.029108 0.018151
1 0.416745 0.780513 0.030360 0.017526
2 0.378560 0.783226 0.032238 0.018777
1 0.217371 0.783538 0.027230 0.018151
1 0.882629 0.815564 0.029421 0.018777
2 0.791393 0.815877 0.032238 0.018151
0 0.648983 0.817233 0.030360 0.020864
1 0.188263 0.822241 0.025352 0.018777
3 0.892645 0.851867 0.039437 0.018777
2 0.803912 0.852910 0.037246 0.020864
2 0.628169 0.855206 0.039437 0.018777
0 0.593584 0.853223 0.032238 0.020238
5 0.266980 0.859170 0.029421 0.018777
5 0.211424 0.858544 0.029108 0.018777
3 0.857277 0.888900 0.031299 0.018986
2 0.811581 0.889526 0.036307 0.020238
2 0.680751 0.891195 0.035055 0.019403
0 0.543036 0.891195 0.028169 0.019403
5 0.516275 0.892969 0.027230 0.017526
1 0.491549 0.892239 0.024100 0.017317
2 0.379969 0.894534 0.033177 0.018151
0 0.897809 0.924160 0.033490 0.023576
5 0.871987 0.925934 0.030047 0.018777
1 0.843192 0.925934 0.031299 0.018777
3 0.785290 0.926873 0.034429 0.019403
2 0.751330 0.926873 0.035368 0.019403
0 0.644444 0.926977 0.031299 0.020864
5 0.617214 0.928229 0.025039 0.018360
0 0.481064 0.928855 0.031299 0.019612
4 0.322066 0.929585 0.028169 0.019403
3 0.248826 0.931984 0.033177 0.018777
4 0.173709 0.932610 0.028169 0.018777
2 0.131299 0.933236 0.038498 0.017526
5 0.891706 0.968287 0.037559 0.028375
1 0.852739 0.967244 0.040376 0.026288
4 0.627387 0.969226 0.035368 0.023576
5 0.124570 0.976007 0.041315 0.028792
3 0.069171 0.975589 0.047574 0.024202
