0 0.884795 0.012495 0.075560 0.017332
5 0.787313 0.012193 0.070896 0.016727
2 0.258862 0.013402 0.081157 0.016324
0 0.796175 0.039097 0.075560 0.017735
1 0.682369 0.040306 0.064366 0.015316
0 0.579757 0.040407 0.077425 0.021564
0 0.378265 0.042120 0.077425 0.020153
5 0.910448 0.067715 0.069030 0.015719
1 0.851213 0.068017 0.066231 0.016324
1 0.676306 0.068924 0.070896 0.017332
2 0.610075 0.069428 0.074627 0.016324
0 0.494869 0.068218 0.075560 0.019549
5 0.397854 0.070133 0.066231 0.015719
2 0.183769 0.070637 0.082090 0.016727
2 0.935634 0.096030 0.083955 0.016727
0 0.755131 0.096735 0.077425 0.020153
2 0.638526 0.097239 0.075560 0.016324
5 0.467351 0.097239 0.059701 0.016324
0 0.399254 0.096937 0.070896 0.019750
1 0.248601 0.097642 0.066231 0.016324
2 0.186101 0.097944 0.077425 0.015719
4 0.887127 0.125756 0.057836 0.017735
2 0.698694 0.125453 0.074627 0.016324
5 0.634328 0.126159 0.067164 0.016929
2 0.522388 0.125655 0.072761 0.016727
2 0.457090 0.125857 0.070896 0.016324
3 0.376399 0.126159 0.086754 0.015719
5 0.303172 0.126663 0.063433 0.015921
1 0.238806 0.126159 0.069030 0.015719
1 0.161381 0.126864 0.082090 0.016324
0 0.940299 0.152559 0.080224 0.020556
5 0.721549 0.152963 0.064366 0.015719
1 0.649720 0.153466 0.066231 0.015921
5 0.501866 0.153970 0.070896 0.015719
1 0.356343 0.154373 0.063433 0.015719
2 0.288713 0.154474 0.075560 0.016727
2 0.109142 0.154172 0.070896 0.016123
3 0.769123 0.179766 0.088619 0.017735
3 0.444963 0.181177 0.091418 0.015719
2 0.309701 0.182386 0.085821 0.015316
0 0.235541 0.182487 0.079291 0.019146
5 0.105877 0.183091 0.064366 0.016727
1 0.945896 0.209593 0.072761 0.015316
2 0.879198 0.210198 0.077425 0.015316
1 0.699627 0.209895 0.069030 0.015921
0 0.481343 0.210399 0.070896 0.017735
1 0.414179 0.210198 0.069030 0.015316
5 0.147388 0.212112 0.070896 0.016324
1 0.078358 0.211407 0.070896 0.017735
0 0.945429 0.237707 0.077425 0.019549
1 0.737407 0.238916 0.064366 0.016324
1 0.553638 0.239420 0.064366 0.016123
2 0.477146 0.239420 0.079291 0.016123
0 0.414179 0.239117 0.072761 0.018742
5 0.344216 0.238916 0.067164 0.016324
1 0.270056 0.239923 0.068097 0.016324
2 0.204757 0.239621 0.075560 0.015719
2 0.909049 0.267432 0.079291 0.015719
0 0.722948 0.266123 0.074627 0.019146
4 0.590951 0.267634 0.064366 0.017332
2 0.362873 0.268339 0.082090 0.015921
5 0.291045 0.268339 0.070896 0.016727
1 0.200560 0.268339 0.070896 0.015921
2 0.118937 0.268541 0.077425 0.016324
2 0.945429 0.296151 0.077425 0.015921
3 0.861474 0.295848 0.090485 0.017332
0 0.686567 0.294236 0.072761 0.019750
2 0.477146 0.295647 0.075560 0.015719
0 0.352612 0.296554 0.070896 0.018742
5 0.786381 0.324164 0.069030 0.017130
5 0.589086 0.325574 0.068097 0.016324
0 0.523787 0.325272 0.075560 0.018541
1 0.408582 0.325574 0.070896 0.016324
2 0.229944 0.325574 0.073694 0.016324
0 0.325560 0.353587 0.072761 0.017533
5 0.696362 0.381802 0.066231 0.017533
2 0.353078 0.381600 0.075560 0.016324
5 0.279851 0.382003 0.070896 0.016324
2 0.946828 0.409311 0.070896 0.017332
1 0.772854 0.410318 0.068097 0.017332
0 0.603545 0.409109 0.070896 0.019750
5 0.419310 0.408404 0.066231 0.017130
1 0.309701 0.409815 0.069030 0.017130
2 0.244403 0.409311 0.074627 0.015316
4 0.082556 0.409815 0.062500 0.017130
2 0.895522 0.436618 0.070896 0.016324
3 0.427239 0.437324 0.082090 0.015719
1 0.316231 0.438231 0.069030 0.016727
2 0.243470 0.437424 0.069030 0.016727
0 0.176772 0.436921 0.068097 0.017735
5 0.055970 0.437525 0.057836 0.015316
2 0.937966 0.466243 0.075560 0.016324
5 0.767257 0.465337 0.062500 0.016123
0 0.707090 0.464833 0.070896 0.019146
2 0.618937 0.466042 0.075560 0.015921
0 0.210354 0.465135 0.077425 0.018541
0 0.130597 0.464430 0.069030 0.019146
3 0.868937 0.494357 0.088619 0.015719
2 0.703825 0.494156 0.077425 0.015316
5 0.633396 0.495062 0.069030 0.016324
3 0.254198 0.494357 0.090485 0.014913
5 0.181437 0.494357 0.064366 0.015719
0 0.100280 0.493652 0.101679 0.019146
2 0.938899 0.523579 0.077425 0.015719
4 0.705224 0.523781 0.067164 0.016123
2 0.626399 0.523781 0.077425 0.016123
0 0.449627 0.522068 0.072761 0.019549
1 0.290112 0.523781 0.072761 0.017332
2 0.217817 0.523378 0.084888 0.018138
3 0.927705 0.552297 0.086754 0.015921
2 0.783116 0.552701 0.075560 0.016727
5 0.625933 0.552096 0.070896 0.016324
1 0.552705 0.552297 0.066231 0.015921
5 0.402985 0.552197 0.072761 0.017735
0 0.288713 0.551592 0.075560 0.018138
5 0.079757 0.552801 0.064366 0.015719
2 0.937966 0.581620 0.079291 0.015316
3 0.850280 0.582426 0.090485 0.016929
5 0.778451 0.581721 0.066231 0.017130
1 0.713153 0.581721 0.064366 0.016324
1 0.642257 0.581721 0.068097 0.016324
1 0.416511 0.581217 0.077425 0.017332
2 0.344216 0.581217 0.080224 0.016123
1 0.803172 0.609230 0.070896 0.014913
2 0.734142 0.609734 0.074627 0.015921
1 0.589086 0.609734 0.068097 0.015921
0 0.506996 0.609029 0.077425 0.018138
3 0.421642 0.609230 0.083955 0.014913
0 0.273321 0.609936 0.074627 0.019952
5 0.140392 0.609936 0.066231 0.016324
0 0.639925 0.636135 0.072761 0.016727
2 0.573694 0.637545 0.072761 0.015921
1 0.430970 0.637948 0.070896 0.016727
2 0.367071 0.638251 0.077425 0.016123
1 0.171175 0.638049 0.066231 0.014913
3 0.732743 0.666767 0.086754 0.016727
0 0.645522 0.665961 0.074627 0.019146
5 0.572761 0.666969 0.070896 0.017130
1 0.499067 0.666465 0.070896 0.016123
2 0.430504 0.666969 0.075560 0.016324
1 0.245336 0.665760 0.069030 0.014712
2 0.096082 0.666465 0.070896 0.015316
5 0.806903 0.694982 0.070896 0.016727
1 0.729944 0.695385 0.066231 0.016727
0 0.365205 0.694478 0.068097 0.020556
2 0.278451 0.694478 0.077425 0.017735
1 0.087220 0.693269 0.066231 0.016123
1 0.945896 0.719770 0.067164 0.016727
2 0.876866 0.720576 0.070896 0.017130
1 0.499067 0.722289 0.067164 0.014913
2 0.427705 0.722692 0.075560 0.016929
2 0.080224 0.723196 0.069030 0.016727
2 0.902519 0.749597 0.073694 0.016727
0 0.729478 0.752418 0.069030 0.018742
5 0.655784 0.752721 0.069030 0.015316
2 0.512593 0.752015 0.075560 0.016727
5 0.339086 0.751511 0.066231 0.015719
5 0.141325 0.752217 0.062500 0.015518
0 0.073694 0.750705 0.072761 0.020153
5 0.806903 0.781237 0.065299 0.015921
2 0.729478 0.781741 0.069030 0.016929
3 0.641325 0.782245 0.084888 0.016727
0 0.451493 0.779323 0.069030 0.019750
2 0.241138 0.780633 0.075560 0.016324
0 0.094683 0.778315 0.088619 0.017735
2 0.927705 0.808343 0.075560 0.015316
5 0.796175 0.810762 0.064366 0.017332
2 0.505597 0.811064 0.080224 0.016727
1 0.329291 0.810258 0.065299 0.018339
2 0.261660 0.809553 0.075560 0.015719
2 0.092351 0.809150 0.070896 0.017735
0 0.619403 0.838976 0.070896 0.017735
1 0.487407 0.840085 0.064366 0.016324
5 0.352612 0.837969 0.070896 0.017735
0 0.269123 0.837465 0.073694 0.018742
5 0.141325 0.838472 0.066231 0.016727
5 0.899254 0.867997 0.067164 0.017332
0 0.754664 0.868400 0.070896 0.019347
1 0.548041 0.870113 0.062500 0.016727
0 0.432836 0.869609 0.070896 0.019750
2 0.358209 0.868400 0.078358 0.017332
2 0.927705 0.897723 0.075560 0.018339
0 0.745802 0.898428 0.075560 0.017735
0 0.660448 0.898428 0.072761 0.017735
2 0.436101 0.898630 0.073694 0.015316
3 0.246735 0.896312 0.086754 0.016324
5 0.100280 0.896010 0.122201 0.017735
2 0.931437 0.926945 0.073694 0.016324
5 0.761660 0.927952 0.062500 0.017130
0 0.695896 0.927449 0.072761 0.018138
2 0.551306 0.927449 0.072761 0.016123
0 0.063899 0.923821 0.075560 0.019750
0 0.925840 0.954555 0.075560 0.019549
5 0.854478 0.955260 0.070896 0.015316
5 0.524720 0.955562 0.064366 0.016727
2 0.411381 0.955058 0.078358 0.015719
0 0.342817 0.954051 0.073694 0.016929
2 0.922575 0.984583 0.078358 0.016324
4 0.760261 0.984281 0.069030 0.017735
0 0.488340 0.984583 0.075560 0.018339
0 0.382463 0.983575 0.072761 0.018339
1 0.119403 0.983374 0.061567 0.016727
2 0.058302 0.983374 0.064366 0.016727
2 0.247668 0.042120 0.079291 0.016123
2 0.476213 0.353386 0.075560 0.016324
2 0.947761 0.352983 0.076493 0.015518
1 0.781716 0.637646 0.074627 0.016929
2 0.674907 0.985087 0.075560 0.016123
