0 0.789272 0.015450 0.080460 0.020329
5 0.704502 0.015247 0.075670 0.016670
1 0.295019 0.016162 0.072797 0.017280
2 0.127874 0.016263 0.077586 0.016670
1 0.061782 0.016263 0.069923 0.018703
2 0.457854 0.044013 0.078544 0.016060
0 0.260057 0.074304 0.085249 0.022159
5 0.181034 0.073694 0.068966 0.015654
5 0.909962 0.100122 0.072797 0.017280
5 0.445402 0.101037 0.072797 0.018296
0 0.850575 0.127872 0.080460 0.019923
0 0.667625 0.128278 0.076628 0.019923
0 0.369732 0.128685 0.078544 0.020329
5 0.258621 0.129498 0.070881 0.018703
2 0.178161 0.130006 0.078544 0.016873
1 0.648946 0.157146 0.069923 0.017077
5 0.261494 0.157756 0.072797 0.016670
2 0.084770 0.158061 0.068008 0.017280
2 0.911877 0.183676 0.078544 0.016060
3 0.466954 0.185505 0.094828 0.016467
0 0.319923 0.185708 0.078544 0.019313
5 0.242337 0.186115 0.070881 0.016873
3 0.806513 0.212340 0.093870 0.016873
0 0.683908 0.212035 0.076628 0.019110
5 0.614943 0.213153 0.072797 0.016873
1 0.513889 0.214373 0.079502 0.016060
0 0.382184 0.213560 0.080460 0.019313
0 0.728448 0.240293 0.073755 0.019923
5 0.657567 0.241309 0.071839 0.017483
1 0.556513 0.241919 0.072797 0.016670
2 0.339559 0.243240 0.077586 0.017280
0 0.076628 0.240801 0.070881 0.018906
5 0.929598 0.270685 0.073755 0.015654
0 0.591475 0.298841 0.075670 0.018296
5 0.517241 0.300671 0.070881 0.016670
1 0.169540 0.299959 0.061303 0.016873
2 0.918582 0.327912 0.080460 0.017077
1 0.847222 0.328217 0.075670 0.017687
4 0.393199 0.329539 0.073755 0.017077
3 0.233238 0.328217 0.085249 0.016060
0 0.105364 0.325879 0.072797 0.018703
0 0.920977 0.356068 0.071839 0.019313
0 0.797893 0.356780 0.070881 0.019110
0 0.217912 0.355153 0.075670 0.019110
5 0.116858 0.355153 0.065134 0.018296
0 0.923372 0.384529 0.076628 0.019313
5 0.826149 0.385241 0.068008 0.016670
2 0.320402 0.383919 0.075670 0.015247
0 0.252395 0.383005 0.075670 0.018296
0 0.117816 0.381683 0.072797 0.019313
0 0.869732 0.413092 0.072797 0.020736
5 0.773467 0.413905 0.068008 0.017077
0 0.382663 0.411872 0.071839 0.019516
1 0.263889 0.412889 0.069923 0.018296
5 0.202586 0.413194 0.071839 0.018906
2 0.493774 0.441756 0.079502 0.017077
0 0.422414 0.441858 0.078544 0.019719
1 0.876916 0.472149 0.069923 0.017280
5 0.814655 0.471641 0.069923 0.016670
2 0.645115 0.470522 0.077586 0.017687
2 0.501916 0.470421 0.074713 0.017483
5 0.352011 0.470014 0.071839 0.016670
2 0.095307 0.470421 0.075670 0.017483
5 0.841954 0.499390 0.072797 0.016467
0 0.761973 0.497052 0.077586 0.019110
0 0.642241 0.498780 0.071839 0.019313
2 0.312261 0.498475 0.080460 0.016670
5 0.185824 0.499085 0.065134 0.017077
2 0.798372 0.526123 0.077586 0.015857
5 0.238027 0.526733 0.069923 0.016263
5 0.790709 0.554584 0.069923 0.017483
0 0.721264 0.553974 0.074713 0.019923
2 0.630747 0.553974 0.081418 0.016263
2 0.386973 0.554584 0.080460 0.016670
2 0.176245 0.555397 0.082375 0.015857
3 0.827586 0.584163 0.090038 0.017687
0 0.739464 0.583655 0.074713 0.019923
5 0.640326 0.584468 0.069923 0.017077
5 0.571360 0.584672 0.069923 0.016263
2 0.221743 0.583554 0.081418 0.016467
3 0.490421 0.611201 0.090038 0.016467
2 0.361590 0.611811 0.081418 0.016060
2 0.195402 0.611303 0.080460 0.015044
0 0.700192 0.639358 0.074713 0.019110
0 0.555556 0.638443 0.080460 0.018093
5 0.476533 0.637935 0.068008 0.015450
2 0.402778 0.637731 0.081418 0.015857
3 0.210249 0.637223 0.087165 0.018093
2 0.136973 0.637528 0.080460 0.016670
2 0.520594 0.666904 0.073755 0.016060
0 0.310824 0.665887 0.077586 0.021346
5 0.709770 0.696991 0.078544 0.018500
0 0.244732 0.696686 0.075670 0.021143
0 0.113027 0.696890 0.074713 0.020736
5 0.940613 0.726570 0.072797 0.015450
1 0.619253 0.723928 0.066092 0.017483
0 0.516762 0.723724 0.075670 0.020329
0 0.370690 0.724436 0.072797 0.020939
5 0.304598 0.725859 0.068966 0.018093
5 0.654693 0.755032 0.077586 0.019516
5 0.518199 0.755845 0.072797 0.017890
3 0.335249 0.756963 0.090038 0.017687
5 0.215517 0.757573 0.072797 0.017687
1 0.654693 0.784204 0.077586 0.018093
2 0.514368 0.785322 0.080460 0.017077
0 0.331897 0.786542 0.073755 0.019923
1 0.119253 0.787762 0.098659 0.018703
2 0.937739 0.814393 0.078544 0.017077
5 0.869732 0.814901 0.072797 0.017280
2 0.113027 0.817443 0.070881 0.016263
2 0.936303 0.844074 0.079502 0.017890
5 0.731801 0.844074 0.070881 0.017077
0 0.665230 0.844582 0.071839 0.021346
3 0.562739 0.845090 0.092912 0.017077
1 0.390805 0.846107 0.067050 0.016670
2 0.320402 0.846412 0.079502 0.016060
0 0.637931 0.873856 0.080460 0.019313
2 0.550287 0.874568 0.079502 0.016670
2 0.309866 0.873958 0.079502 0.015450
0 0.934866 0.901809 0.076628 0.020329
1 0.705460 0.902927 0.069923 0.016060
1 0.540230 0.903334 0.074713 0.017687
1 0.940134 0.931388 0.071839 0.015654
2 0.869253 0.931185 0.079502 0.016060
0 0.629310 0.930270 0.082375 0.019516
2 0.533046 0.931287 0.077586 0.016670
3 0.445881 0.931592 0.087165 0.017280
5 0.374521 0.932202 0.070881 0.016873
2 0.302203 0.931795 0.079502 0.016467
3 0.204981 0.932608 0.109195 0.020939
2 0.107759 0.931287 0.073755 0.017483
2 0.934866 0.957512 0.078544 0.015044
0 0.472701 0.958935 0.079502 0.017483
0 0.276341 0.960053 0.075670 0.019313
5 0.758142 0.984956 0.069923 0.017483
0 0.688697 0.984448 0.078544 0.018906
3 0.345785 0.988921 0.090038 0.016467
