0 0.550360 0.041935 0.070144 0.018705
0 0.348022 0.043142 0.073741 0.019912
0 0.692446 0.070193 0.068345 0.020515
0 0.221223 0.072003 0.071942 0.020917
0 0.181655 0.101167 0.066547 0.018906
3 0.846223 0.099859 0.082734 0.017096
2 0.858363 0.013777 0.074640 0.017900
5 0.600270 0.014381 0.069245 0.016291
5 0.409173 0.016090 0.064748 0.016492
5 0.215378 0.017096 0.063849 0.017699
2 0.907824 0.043846 0.074640 0.016895
5 0.839928 0.043443 0.070144 0.016492
2 0.479317 0.042337 0.075540 0.016693
5 0.188849 0.045253 0.066547 0.016492
0 0.907824 0.071802 0.072842 0.020113
3 0.466727 0.070998 0.086331 0.016492
5 0.397932 0.072204 0.065647 0.016492
3 0.077338 0.073210 0.079137 0.016492
5 0.776978 0.099155 0.068345 0.017297
5 0.632194 0.098451 0.068345 0.017498
2 0.555755 0.098150 0.073741 0.016090
2 0.383543 0.099155 0.076439 0.016090
3 0.107914 0.101167 0.075540 0.017699
1 0.756295 0.127514 0.061151 0.016492
2 0.696493 0.126710 0.072842 0.016895
5 0.581385 0.126609 0.063849 0.017096
0 0.520234 0.125905 0.071043 0.018906
2 0.285522 0.129224 0.076439 0.016693
0 0.862410 0.154767 0.070144 0.018302
0 0.455486 0.153761 0.072842 0.018302
0 0.684802 0.181215 0.071043 0.018906
0 0.601619 0.180611 0.071942 0.017699
5 0.508543 0.181617 0.067446 0.017297
3 0.344424 0.182422 0.080935 0.016492
1 0.102518 0.185841 0.059353 0.018101
1 0.556205 0.209071 0.063849 0.017096
2 0.475270 0.209574 0.078237 0.016895
2 0.210881 0.213194 0.076439 0.016492
1 0.097572 0.214401 0.092626 0.017699
2 0.864658 0.239039 0.067446 0.015487
3 0.786871 0.237832 0.079137 0.015889
0 0.639838 0.237932 0.069245 0.017699
2 0.575090 0.238536 0.067446 0.016492
1 0.167266 0.241854 0.057554 0.016291
2 0.109263 0.241754 0.069245 0.016492
3 0.697842 0.266090 0.086331 0.016895
1 0.595773 0.266995 0.063849 0.017498
0 0.343076 0.268302 0.069245 0.019308
0 0.267986 0.269409 0.071942 0.019509
2 0.200989 0.270213 0.071043 0.016291
1 0.084532 0.269208 0.059353 0.016693
0 0.720773 0.295052 0.072842 0.020113
0 0.636691 0.295153 0.071942 0.019912
0 0.529227 0.295857 0.069245 0.020113
5 0.318345 0.299377 0.064748 0.017498
0 0.240558 0.298974 0.071043 0.018705
0 0.113759 0.297466 0.098022 0.019308
3 0.281025 0.326629 0.083633 0.016895
2 0.157824 0.327233 0.076439 0.014883
2 0.928957 0.350965 0.071942 0.016090
2 0.803058 0.351167 0.071942 0.015688
5 0.738309 0.352474 0.068345 0.015889
2 0.613309 0.352373 0.075540 0.016090
2 0.156475 0.355088 0.070144 0.015889
0 0.593525 0.379626 0.068345 0.019912
0 0.412770 0.381436 0.070144 0.019509
0 0.327338 0.382039 0.068345 0.020716
2 0.257194 0.383749 0.075540 0.016895
3 0.496853 0.409996 0.083633 0.016693
5 0.263040 0.412611 0.062050 0.016693
0 0.187050 0.411303 0.070144 0.019308
0 0.086781 0.410901 0.063849 0.018906
0 0.761691 0.437953 0.071942 0.020314
3 0.210432 0.439662 0.077338 0.015688
0 0.782374 0.466311 0.075540 0.019912
0 0.697842 0.465306 0.071942 0.019509
0 0.586331 0.466010 0.073741 0.020515
0 0.482014 0.467518 0.073741 0.021118
2 0.415018 0.468524 0.074640 0.016693
1 0.299910 0.469529 0.060252 0.017498
5 0.235162 0.468825 0.067446 0.017297
0 0.175809 0.467619 0.063849 0.020113
5 0.062950 0.468825 0.050360 0.017699
3 0.487410 0.496480 0.084532 0.016693
0 0.289568 0.495877 0.070144 0.017900
3 0.438849 0.524839 0.089928 0.017096
2 0.254047 0.524940 0.074640 0.016090
0 0.388040 0.553198 0.072842 0.019509
2 0.272932 0.553801 0.076439 0.018302
3 0.790018 0.580149 0.083633 0.015487
0 0.700090 0.580652 0.072842 0.018101
4 0.580935 0.581054 0.066547 0.016492
1 0.373651 0.581255 0.074640 0.019308
5 0.209083 0.581356 0.065647 0.017900
0 0.126799 0.581154 0.100719 0.021118
0 0.933903 0.605189 0.071043 0.019710
2 0.863309 0.605893 0.075540 0.015084
1 0.743255 0.607401 0.069245 0.015688
3 0.223921 0.608910 0.086331 0.016291
0 0.848022 0.631838 0.073741 0.017096
0 0.552158 0.635760 0.071942 0.020113
3 0.788219 0.658689 0.087230 0.015688
2 0.613759 0.661002 0.078237 0.015487
2 0.232464 0.664622 0.072842 0.016291
3 0.155576 0.665024 0.080935 0.016291
2 0.884442 0.689763 0.072842 0.017498
5 0.731115 0.688958 0.073741 0.017900
0 0.669514 0.687450 0.071043 0.018504
4 0.440647 0.691673 0.064748 0.016090
0 0.259442 0.692578 0.071043 0.018705
0 0.094424 0.693584 0.066547 0.018705
5 0.909622 0.720133 0.067446 0.018302
2 0.751799 0.718524 0.070144 0.017498
3 0.493255 0.717619 0.080036 0.015688
1 0.644784 0.749497 0.066547 0.019107
0 0.452788 0.746983 0.071043 0.019710
1 0.384892 0.748089 0.070144 0.016291
0 0.741007 0.778862 0.070144 0.019912
3 0.175360 0.779264 0.080935 0.017096
0 0.932104 0.808930 0.074640 0.019710
2 0.862860 0.809735 0.080036 0.016895
0 0.571942 0.808327 0.071942 0.020113
4 0.387590 0.807220 0.062950 0.019107
1 0.100719 0.809533 0.059353 0.017699
3 0.387140 0.837088 0.085432 0.016895
0 0.264838 0.835680 0.069245 0.020113
1 0.145683 0.837088 0.061151 0.016090
1 0.939748 0.866150 0.066547 0.016291
2 0.875450 0.866352 0.072842 0.015889
3 0.699640 0.866452 0.080935 0.016895
0 0.531924 0.866653 0.071043 0.020917
0 0.885342 0.892800 0.071043 0.018504
2 0.643435 0.894710 0.074640 0.016291
0 0.459083 0.894208 0.069245 0.019710
1 0.394335 0.894912 0.065647 0.016291
2 0.202338 0.895213 0.071942 0.018101
2 0.934802 0.920957 0.072842 0.016090
0 0.738759 0.922164 0.067446 0.017699
2 0.330486 0.924779 0.078237 0.016492
0 0.139838 0.923069 0.069245 0.020716
5 0.084532 0.923069 0.055755 0.017096
1 0.945144 0.950020 0.061151 0.016291
0 0.845324 0.948813 0.071942 0.021118
0 0.758543 0.948311 0.065647 0.016895
1 0.693795 0.951529 0.058453 0.018101
0 0.632644 0.949618 0.074640 0.018302
5 0.429406 0.953741 0.067446 0.017297
2 0.231565 0.953540 0.074640 0.015688
0 0.785971 0.976770 0.071942 0.019107
2 0.617356 0.978982 0.078237 0.015889
