0 0.434085 0.018441 0.070252 0.021247
0 0.253252 0.017438 0.067650 0.019242
0 0.428448 0.046803 0.074588 0.021848
0 0.404163 0.074364 0.069384 0.020044
0 0.582827 0.129485 0.069384 0.020044
0 0.348222 0.130587 0.068517 0.020645
0 0.606245 0.156845 0.065915 0.020645
0 0.913270 0.185107 0.069384 0.019844
0 0.765395 0.183704 0.068517 0.019443
0 0.665655 0.211265 0.070252 0.019643
0 0.264961 0.214672 0.068517 0.019242
0 0.533825 0.242834 0.070252 0.020245
0 0.109280 0.242634 0.067650 0.020245
0 0.462272 0.270896 0.072853 0.019844
0 0.338248 0.271297 0.065915 0.020245
0 0.338248 0.301363 0.071119 0.020245
0 0.075455 0.299559 0.060711 0.021046
0 0.199480 0.329525 0.071119 0.021247
0 0.877710 0.382040 0.069384 0.018841
0 0.771466 0.383043 0.070252 0.020044
0 0.309193 0.385849 0.071986 0.020044
0 0.500000 0.412508 0.068517 0.019643
0 0.393322 0.413610 0.071986 0.021046
0 0.575889 0.441371 0.069384 0.019643
0 0.426713 0.497595 0.071119 0.019844
0 0.815265 0.524153 0.069384 0.018040
0 0.518647 0.524053 0.069384 0.017839
0 0.437988 0.524253 0.069384 0.019042
0 0.574588 0.553217 0.066782 0.019643
0 0.726800 0.581078 0.071119 0.018841
0 0.925846 0.608038 0.065048 0.020245
0 0.142238 0.610443 0.072853 0.023452
0 0.930616 0.636300 0.074588 0.021848
0 0.364267 0.635197 0.069384 0.020445
0 0.631396 0.664863 0.074588 0.021648
0 0.488291 0.692423 0.069384 0.020245
0 0.333912 0.692423 0.072853 0.020645
0 0.158283 0.695430 0.101474 0.021848
0 0.643972 0.750351 0.068517 0.018240
0 0.876843 0.778713 0.071119 0.020445
0 0.777971 0.809180 0.067650 0.020044
0 0.457069 0.833634 0.067650 0.019242
0 0.322637 0.835638 0.069384 0.020445
0 0.397225 0.861094 0.065915 0.021648
0 0.745013 0.892664 0.065915 0.019042
0 0.575022 0.891161 0.067650 0.019643
0 0.522550 0.918421 0.070252 0.020445
0 0.934085 0.953498 0.065915 0.020445
0 0.459670 0.947184 0.069384 0.019443
0 0.647875 0.976148 0.067650 0.018841
1 0.781873 0.017138 0.065048 0.017037
1 0.143105 0.018240 0.053773 0.017639
1 0.544666 0.047404 0.067650 0.018240
1 0.117520 0.046703 0.096271 0.019242
1 0.526886 0.075065 0.063313 0.016637
1 0.587598 0.101824 0.061578 0.017238
1 0.090199 0.214472 0.045100 0.016837
1 0.089332 0.270796 0.052038 0.016837
1 0.417606 0.357286 0.066782 0.018240
1 0.414571 0.470836 0.065915 0.018040
1 0.074588 0.470635 0.058977 0.018841
1 0.703382 0.498396 0.065915 0.017438
1 0.270598 0.580377 0.064180 0.016637
1 0.426713 0.607436 0.062446 0.017839
1 0.578057 0.722890 0.066782 0.016236
1 0.464441 0.720084 0.063313 0.016236
1 0.360364 0.778312 0.071986 0.016837
1 0.284475 0.781118 0.064180 0.017639
1 0.938855 0.839046 0.061578 0.016035
1 0.669991 0.920726 0.058109 0.016236
1 0.614484 0.920726 0.061578 0.017438
1 0.322203 0.920124 0.065048 0.016236
1 0.203816 0.952796 0.058977 0.015434
1 0.941891 0.982862 0.062446 0.017839
1 0.718560 0.979154 0.061578 0.016837
1 0.351258 0.980357 0.071119 0.017238
2 0.845186 0.016837 0.070252 0.016837
2 0.900260 0.046703 0.071119 0.015634
2 0.358630 0.047204 0.073721 0.017037
2 0.593235 0.074263 0.076323 0.016236
2 0.335212 0.074965 0.071986 0.016035
2 0.846921 0.184807 0.068517 0.015634
2 0.330442 0.215073 0.067650 0.016837
2 0.865568 0.241130 0.074588 0.016436
2 0.642671 0.241030 0.071119 0.016637
2 0.811362 0.269894 0.070252 0.017037
2 0.178664 0.272299 0.071119 0.016236
2 0.136167 0.329826 0.064180 0.017438
2 0.547268 0.356484 0.074588 0.017839
2 0.320902 0.414211 0.078057 0.017438
2 0.345186 0.470836 0.071119 0.016035
2 0.585863 0.524654 0.071986 0.015835
2 0.364267 0.523953 0.078057 0.016436
2 0.258890 0.608940 0.078925 0.018040
2 0.859497 0.636400 0.076323 0.017238
2 0.554206 0.664863 0.074588 0.017238
2 0.848222 0.695129 0.076323 0.016436
2 0.669558 0.694227 0.074588 0.016637
2 0.421509 0.691321 0.076323 0.017238
2 0.404597 0.718781 0.068517 0.017238
2 0.698179 0.809080 0.072853 0.016236
2 0.875542 0.838946 0.070252 0.016637
2 0.888118 0.867408 0.071119 0.016637
2 0.526019 0.863600 0.070252 0.016236
2 0.263226 0.865705 0.071986 0.016436
2 0.932350 0.895771 0.072853 0.016035
2 0.256288 0.921427 0.071986 0.016837
2 0.147008 0.952997 0.063313 0.015033
2 0.881180 0.982361 0.069384 0.017238
2 0.284475 0.980758 0.071119 0.016035
3 0.768864 0.129685 0.080659 0.016436
3 0.106678 0.130487 0.072853 0.016837
3 0.735039 0.157346 0.078925 0.016436
3 0.094102 0.187011 0.070252 0.016837
3 0.287077 0.244137 0.076323 0.016837
3 0.540330 0.298958 0.083261 0.016236
3 0.550737 0.327721 0.078057 0.017238
3 0.908933 0.354781 0.083261 0.016035
3 0.822203 0.355683 0.083261 0.017037
3 0.623157 0.356584 0.077190 0.017238
3 0.685169 0.384646 0.083261 0.017238
3 0.781873 0.440569 0.084128 0.017639
3 0.779271 0.469132 0.082394 0.017438
3 0.777537 0.553017 0.082394 0.017639
3 0.607112 0.581279 0.079792 0.017238
3 0.535559 0.608338 0.084128 0.017238
3 0.921509 0.695029 0.082394 0.016637
3 0.231570 0.723692 0.088465 0.017839
3 0.771032 0.751052 0.083261 0.016436
3 0.463573 0.776909 0.078925 0.016837
3 0.526019 0.805873 0.075455 0.017037
3 0.797051 0.952095 0.079792 0.016436
3 0.600173 0.948386 0.078057 0.015835
4 0.735039 0.921427 0.058109 0.016837
4 0.461405 0.580778 0.062446 0.016637
4 0.385516 0.384746 0.059844 0.017438
5 0.499566 0.017739 0.060711 0.017438
5 0.333044 0.017438 0.062446 0.017639
5 0.092368 0.017839 0.054640 0.017639
5 0.838248 0.046703 0.065048 0.017238
5 0.225065 0.075466 0.065048 0.018240
5 0.880312 0.102926 0.062446 0.016236
5 0.521683 0.131289 0.063313 0.017639
5 0.668690 0.157647 0.058977 0.016637
5 0.078491 0.159551 0.065048 0.019643
5 0.706418 0.184205 0.059844 0.016837
5 0.602342 0.212969 0.063313 0.017839
5 0.601474 0.269994 0.063313 0.017238
5 0.578491 0.385648 0.065915 0.018040
5 0.244579 0.386951 0.062446 0.016637
5 0.125325 0.470836 0.058109 0.017639
5 0.354727 0.499098 0.065915 0.017238
5 0.185603 0.499198 0.090199 0.017037
5 0.838682 0.608338 0.062446 0.016436
5 0.490893 0.664662 0.064180 0.017238
5 0.665655 0.723893 0.065048 0.016637
5 0.812663 0.780517 0.064180 0.017639
5 0.892454 0.810483 0.064180 0.017839
5 0.162619 0.812287 0.101474 0.017839
5 0.258890 0.839547 0.063313 0.017438
5 0.461839 0.862898 0.066782 0.016436
5 0.419341 0.918721 0.061578 0.016236
5 0.332611 0.951393 0.063313 0.017839
5 0.584562 0.976348 0.062446 0.017639
5 0.429315 0.978653 0.069384 0.017438
