0 0.898390 0.012566 0.086519 0.020268
2 0.824447 0.014187 0.081489 0.019051
2 0.612173 0.013985 0.089537 0.017430
2 0.294266 0.014694 0.083501 0.016822
1 0.901408 0.041751 0.076459 0.016619
0 0.725855 0.041042 0.081489 0.018038
1 0.652414 0.042258 0.079477 0.017633
3 0.498491 0.042663 0.091549 0.015606
2 0.225352 0.042562 0.082495 0.017025
0 0.036217 0.041244 0.072435 0.018443
2 0.928571 0.068606 0.084507 0.015606
4 0.484909 0.070531 0.076459 0.017430
0 0.398893 0.069720 0.079477 0.019457
5 0.901408 0.097284 0.076459 0.017025
1 0.819920 0.096777 0.072435 0.016822
2 0.745473 0.097183 0.080483 0.016011
0 0.214789 0.097183 0.079477 0.018038
3 0.038229 0.097690 0.076459 0.016214
2 0.930584 0.125659 0.084507 0.015809
1 0.630282 0.126267 0.071429 0.016214
1 0.375755 0.127381 0.071429 0.016417
5 0.640845 0.153729 0.070423 0.016011
1 0.538732 0.155249 0.073441 0.017430
0 0.076459 0.153324 0.082495 0.020470
0 0.883803 0.179368 0.081489 0.018646
5 0.810362 0.179672 0.069416 0.015606
3 0.409457 0.183320 0.090543 0.017633
1 0.291247 0.183016 0.075453 0.017430
5 0.907948 0.210174 0.069416 0.016214
1 0.809356 0.209972 0.079477 0.019051
3 0.393360 0.211390 0.092555 0.016619
1 0.857646 0.238549 0.071429 0.017835
1 0.773139 0.238752 0.071429 0.016619
3 0.511066 0.239765 0.094567 0.016214
0 0.205734 0.239968 0.079477 0.018241
1 0.883803 0.267734 0.077465 0.017835
3 0.787223 0.267025 0.095573 0.017227
5 0.631288 0.266721 0.069416 0.017025
0 0.560362 0.266214 0.082495 0.020065
2 0.273139 0.269153 0.081489 0.015809
2 0.940644 0.297325 0.086519 0.017025
4 0.692153 0.295095 0.072435 0.016214
2 0.607646 0.295703 0.082495 0.015809
0 0.410463 0.296818 0.084507 0.019660
5 0.072938 0.297527 0.069416 0.018241
1 0.949195 0.326003 0.069416 0.016822
2 0.877264 0.325801 0.086519 0.016417
2 0.746479 0.325294 0.090543 0.016619
5 0.624245 0.324990 0.075453 0.015606
5 0.329477 0.325801 0.073441 0.016417
2 0.244467 0.326003 0.084507 0.016822
0 0.055332 0.324889 0.082495 0.019862
2 0.781690 0.353871 0.084507 0.016214
0 0.430080 0.353668 0.075453 0.018241
2 0.354125 0.354276 0.084507 0.016214
1 0.203219 0.355087 0.074447 0.017025
2 0.126761 0.355087 0.090543 0.016214
0 0.940644 0.383056 0.082495 0.019457
5 0.829477 0.383056 0.075453 0.017835
0 0.753521 0.381536 0.080483 0.020876
2 0.421529 0.382144 0.084507 0.016822
1 0.286217 0.382854 0.077465 0.018241
2 0.208249 0.383056 0.094567 0.017025
0 0.831489 0.410012 0.079477 0.019457
1 0.761066 0.411634 0.077465 0.017430
0 0.228370 0.410215 0.082495 0.019862
3 0.048290 0.410823 0.088531 0.017835
2 0.936620 0.439805 0.088531 0.017430
1 0.599095 0.439603 0.065392 0.017835
1 0.326962 0.438995 0.086519 0.017430
0 0.127264 0.438488 0.105634 0.019254
5 0.592052 0.466660 0.075453 0.017227
0 0.060865 0.466052 0.079477 0.022092
0 0.884306 0.493717 0.078471 0.019051
5 0.816398 0.494528 0.075453 0.015809
5 0.636318 0.494122 0.073441 0.017430
2 0.391851 0.495338 0.081489 0.018241
1 0.946177 0.524321 0.075453 0.017835
2 0.873239 0.523916 0.086519 0.017025
3 0.673541 0.524118 0.097586 0.016619
0 0.474849 0.524118 0.084507 0.019862
0 0.347082 0.524625 0.086519 0.020876
2 0.265594 0.525638 0.080483 0.016822
2 0.886318 0.551581 0.082495 0.016417
0 0.309859 0.552898 0.086519 0.019051
4 0.082495 0.552290 0.092555 0.018646
0 0.722334 0.579753 0.078471 0.020470
5 0.333501 0.579854 0.077465 0.017025
1 0.231891 0.580665 0.073441 0.016214
0 0.705231 0.608127 0.082495 0.018849
2 0.368209 0.607925 0.086519 0.016417
2 0.114688 0.608735 0.084507 0.016417
2 0.939135 0.638427 0.083501 0.016619
0 0.367203 0.635995 0.088531 0.019457
5 0.945674 0.667308 0.076459 0.016822
1 0.544769 0.668423 0.075453 0.018241
1 0.645372 0.696190 0.079477 0.018241
2 0.747988 0.724564 0.081489 0.017025
0 0.669517 0.724058 0.083501 0.020065
0 0.518109 0.724666 0.084507 0.020470
5 0.232897 0.725274 0.073441 0.017633
5 0.127264 0.725375 0.071429 0.017430
1 0.071429 0.725274 0.058350 0.019254
5 0.918008 0.752939 0.071429 0.017835
1 0.849598 0.754459 0.069416 0.017633
2 0.345070 0.753749 0.086519 0.017025
5 0.126258 0.753749 0.073441 0.017835
0 0.057344 0.753648 0.078471 0.019254
0 0.949195 0.782529 0.081489 0.023916
3 0.823944 0.783340 0.098592 0.017835
5 0.746982 0.783543 0.071429 0.017430
2 0.240946 0.783441 0.085513 0.016822
0 0.077968 0.781617 0.079477 0.020470
0 0.943662 0.811613 0.080483 0.020470
3 0.716801 0.811715 0.093561 0.016619
5 0.599095 0.811917 0.077465 0.017835
2 0.514085 0.811917 0.088531 0.017025
2 0.185111 0.811309 0.082495 0.016619
2 0.078974 0.811715 0.081489 0.018241
2 0.847082 0.841407 0.086519 0.017227
2 0.600604 0.841508 0.084507 0.017835
2 0.521127 0.841812 0.090543 0.016417
3 0.294266 0.841407 0.101610 0.017227
5 0.079980 0.841407 0.075453 0.018443
1 0.886318 0.871301 0.074447 0.017835
5 0.677565 0.870693 0.075453 0.017025
2 0.592555 0.871301 0.086519 0.017025
0 0.268612 0.870794 0.086519 0.019660
2 0.869215 0.900385 0.086519 0.016011
5 0.679577 0.899980 0.073441 0.016822
3 0.594064 0.899574 0.101610 0.016011
2 0.312877 0.900588 0.088531 0.016417
1 0.947183 0.928456 0.073441 0.017430
1 0.839537 0.927645 0.075453 0.018241
3 0.737425 0.926936 0.098592 0.016011
2 0.650905 0.926834 0.086519 0.016619
1 0.473340 0.927645 0.075453 0.017430
1 0.362173 0.927442 0.082495 0.017835
2 0.272636 0.927240 0.084507 0.016619
5 0.199698 0.927442 0.077465 0.017025
0 0.816398 0.953891 0.083501 0.019660
2 0.664990 0.955817 0.088531 0.017835
0 0.464286 0.955715 0.083501 0.019660
0 0.190141 0.956323 0.084507 0.021686
0 0.058853 0.957236 0.079477 0.021889
2 0.938129 0.984597 0.085513 0.017430
2 0.680080 0.985610 0.092555 0.018241
0 0.082998 0.985914 0.107646 0.020065
