1 0.957643 0.016798 0.064457 0.016596
0 0.455341 0.016697 0.074586 0.018417
2 0.385820 0.017608 0.077348 0.017405
0 0.046961 0.017911 0.055249 0.018822
0 0.940608 0.043513 0.076427 0.020239
2 0.721915 0.045537 0.077348 0.017405
1 0.611418 0.045942 0.066298 0.017405
4 0.287293 0.046145 0.064457 0.017001
1 0.952118 0.072354 0.066298 0.016393
2 0.885820 0.072759 0.079190 0.016393
4 0.645028 0.072759 0.059853 0.016393
1 0.571363 0.073669 0.070902 0.017405
1 0.464088 0.073467 0.066298 0.017810
1 0.394107 0.074175 0.064457 0.016393
0 0.193831 0.073062 0.074586 0.019834
3 0.117864 0.073973 0.081031 0.016798
3 0.867864 0.099676 0.085635 0.015584
1 0.791436 0.100789 0.070902 0.017810
1 0.716851 0.101498 0.070902 0.018417
2 0.651013 0.100385 0.077348 0.017001
2 0.489411 0.100992 0.074586 0.017405
0 0.218232 0.100587 0.077348 0.019429
3 0.138122 0.101295 0.082873 0.016798
1 0.470074 0.129326 0.070902 0.017405
2 0.403775 0.129326 0.074586 0.016596
2 0.143186 0.129124 0.072744 0.016191
5 0.813996 0.156142 0.068140 0.016393
1 0.743554 0.156952 0.069061 0.015989
2 0.675875 0.156648 0.075506 0.015382
1 0.427256 0.156648 0.066298 0.016596
2 0.278545 0.156446 0.081952 0.017001
3 0.196133 0.156446 0.088398 0.017001
4 0.094383 0.156244 0.059853 0.017405
0 0.941529 0.184477 0.070902 0.018417
1 0.806630 0.185590 0.066298 0.017810
0 0.662063 0.184679 0.073665 0.019632
2 0.592541 0.185185 0.074586 0.017001
1 0.461786 0.185388 0.067219 0.016596
2 0.396409 0.185388 0.072744 0.016596
5 0.204880 0.185590 0.070902 0.017810
0 0.692910 0.212002 0.074586 0.020846
2 0.622468 0.214127 0.075506 0.016596
0 0.227901 0.213115 0.070902 0.020239
2 0.944751 0.241651 0.077348 0.016191
0 0.575506 0.241449 0.079190 0.019429
4 0.370626 0.243068 0.063536 0.017810
2 0.293738 0.242663 0.077348 0.017001
0 0.112339 0.241854 0.079190 0.019429
1 0.914825 0.269885 0.072744 0.018013
0 0.811694 0.268670 0.072744 0.019227
0 0.476519 0.270795 0.074586 0.019834
3 0.806630 0.298624 0.088398 0.015989
5 0.734807 0.299838 0.064457 0.015584
0 0.669429 0.298421 0.079190 0.019227
0 0.587017 0.298421 0.076427 0.019227
0 0.456722 0.299029 0.077348 0.018822
1 0.239871 0.300749 0.069061 0.017405
0 0.113720 0.299332 0.081952 0.019429
2 0.549724 0.328780 0.079190 0.016798
1 0.963168 0.357316 0.066298 0.016393
2 0.898711 0.356608 0.075506 0.016191
1 0.794659 0.357013 0.064457 0.017001
1 0.698435 0.357215 0.069061 0.017405
5 0.418048 0.358227 0.064457 0.017405
0 0.350368 0.356608 0.074586 0.019834
5 0.786372 0.385145 0.068140 0.017405
0 0.716390 0.384841 0.079190 0.018822
2 0.582873 0.386460 0.077348 0.016393
0 0.104972 0.385347 0.073665 0.019834
2 0.901934 0.413378 0.072744 0.016393
0 0.328729 0.413580 0.079190 0.020846
3 0.186464 0.414086 0.081952 0.017001
3 0.889042 0.440194 0.085635 0.016596
2 0.764733 0.439891 0.072744 0.015989
0 0.697514 0.438778 0.074586 0.019429
3 0.528085 0.440903 0.087477 0.016798
5 0.457182 0.441611 0.070902 0.017405
0 0.386740 0.440700 0.069982 0.019227
1 0.177716 0.441813 0.064457 0.017001
2 0.115562 0.441206 0.072744 0.017405
5 0.670810 0.468427 0.069061 0.015584
1 0.582873 0.469338 0.068140 0.017405
0 0.499540 0.468023 0.072744 0.019227
1 0.331031 0.470553 0.067219 0.017001
0 0.704880 0.495952 0.076427 0.018822
0 0.583794 0.496964 0.069982 0.019632
2 0.517495 0.497369 0.075506 0.015989
1 0.355893 0.497875 0.072744 0.017001
2 0.224678 0.498179 0.077348 0.015584
0 0.947053 0.525703 0.072744 0.018822
1 0.507827 0.526209 0.063536 0.017001
2 0.442449 0.526412 0.074586 0.017405
5 0.724217 0.555353 0.072744 0.017001
2 0.640884 0.555758 0.077348 0.017810
5 0.431860 0.556062 0.066298 0.016393
0 0.360958 0.555556 0.075506 0.018215
2 0.271179 0.555353 0.074586 0.017001
0 0.920350 0.584598 0.074586 0.018822
0 0.750000 0.584801 0.076427 0.019227
2 0.670810 0.583890 0.072744 0.016596
1 0.603131 0.585104 0.066298 0.017810
2 0.502762 0.583890 0.079190 0.017405
5 0.399632 0.584092 0.062615 0.017001
3 0.209945 0.584092 0.081031 0.017001
0 0.447974 0.612831 0.072744 0.019834
1 0.954880 0.642279 0.066298 0.016393
2 0.890424 0.642279 0.075506 0.016393
2 0.726059 0.642077 0.072744 0.015989
2 0.387661 0.642279 0.081031 0.016393
5 0.058932 0.641975 0.057090 0.017810
2 0.819521 0.671018 0.079190 0.016393
0 0.637661 0.669095 0.074586 0.019429
0 0.449816 0.669804 0.072744 0.018822
0 0.304328 0.670006 0.072744 0.019227
5 0.815378 0.700061 0.074586 0.017405
1 0.722376 0.699251 0.072744 0.017405
2 0.558932 0.699858 0.077348 0.017001
1 0.457643 0.700668 0.066298 0.017405
2 0.312615 0.699454 0.081952 0.017001
3 0.224678 0.698543 0.090239 0.015989
0 0.953499 0.727484 0.076427 0.021251
2 0.882597 0.728091 0.072744 0.015989
2 0.574125 0.728597 0.085635 0.017001
0 0.383517 0.726776 0.076427 0.019834
0 0.264273 0.726978 0.079190 0.020239
2 0.189687 0.727383 0.079190 0.017405
2 0.900552 0.757640 0.079190 0.016393
5 0.359116 0.755717 0.066298 0.017405
1 0.263812 0.757640 0.072744 0.018417
2 0.777624 0.787088 0.072744 0.017001
0 0.478821 0.785671 0.069982 0.019834
5 0.412523 0.786885 0.066298 0.017405
4 0.226059 0.785570 0.070902 0.015989
2 0.145488 0.784153 0.081031 0.015989
1 0.078269 0.783951 0.062615 0.016393
5 0.833333 0.816738 0.068140 0.018013
5 0.431860 0.814612 0.066298 0.017405
3 0.104052 0.811071 0.082873 0.015989
2 0.651473 0.843554 0.081952 0.016191
0 0.333333 0.840518 0.079190 0.018215
5 0.108195 0.840721 0.061694 0.017001
0 0.729742 0.871888 0.074586 0.017810
0 0.636740 0.870674 0.072744 0.018215
2 0.839779 0.901943 0.077348 0.015989
2 0.523020 0.898705 0.081031 0.016798
1 0.411602 0.898705 0.068140 0.015989
5 0.234346 0.899615 0.070902 0.017810
0 0.939687 0.930480 0.074586 0.018417
5 0.869705 0.930176 0.069061 0.014167
1 0.794659 0.930277 0.064457 0.016798
2 0.724217 0.928152 0.072744 0.016596
0 0.252762 0.928456 0.076427 0.018822
3 0.167127 0.929569 0.085635 0.017405
1 0.939687 0.958004 0.070902 0.015989
2 0.679558 0.955677 0.077348 0.016191
2 0.273481 0.958510 0.079190 0.016191
2 0.869245 0.984315 0.079190 0.015989
3 0.650552 0.983202 0.087477 0.016596
2 0.227440 0.987958 0.077348 0.015584
2 0.875230 0.185185 0.070902 0.015786
2 0.401934 0.413378 0.074586 0.016393
5 0.732505 0.613843 0.069061 0.016191
