1 0.929016 0.177119 0.067248 0.016323
4 0.408468 0.745132 0.067248 0.016037
0 0.135741 0.251289 0.082192 0.019187
0 0.462640 0.939719 0.085928 0.019187
1 0.740971 0.742984 0.082192 0.023769
0 0.744085 0.253580 0.090909 0.020332
3 0.827522 0.744845 0.098381 0.016609
1 0.100872 0.979238 0.067248 0.015750
2 0.920299 0.551546 0.077210 0.016609
1 0.613325 0.902778 0.073474 0.016896
2 0.781445 0.330040 0.080946 0.017468
2 0.872354 0.100515 0.073474 0.017755
1 0.749689 0.548253 0.082192 0.024341
0 0.348692 0.057560 0.092154 0.018900
1 0.819427 0.018900 0.069738 0.016037
2 0.671233 0.551690 0.077210 0.016896
1 0.484433 0.330899 0.069738 0.018041
5 0.160025 0.292383 0.068493 0.017755
5 0.476339 0.904639 0.080946 0.017755
1 0.655666 0.473368 0.070984 0.014891
0 0.293898 0.018328 0.087173 0.020046
0 0.066002 0.669674 0.069738 0.019187
3 0.834994 0.551403 0.090909 0.016896
0 0.665006 0.939576 0.082192 0.018328
1 0.922790 0.629152 0.072229 0.017755
2 0.133250 0.329897 0.064757 0.017182
5 0.881694 0.668528 0.074720 0.018041
2 0.833126 0.293958 0.074720 0.017468
3 0.311333 0.592211 0.099626 0.017755
0 0.665629 0.511168 0.088418 0.018900
1 0.922790 0.473797 0.069738 0.016323
5 0.729763 0.668671 0.074720 0.019473
0 0.842466 0.138173 0.090909 0.018041
0 0.355542 0.825029 0.085928 0.020046
2 0.495641 0.177405 0.077210 0.016896
5 0.414072 0.404639 0.078456 0.017755
0 0.297634 0.366266 0.084682 0.017755
0 0.566002 0.330040 0.083437 0.018614
3 0.647572 0.864977 0.107098 0.018041
1 0.546700 0.938431 0.084682 0.022910
0 0.412827 0.098940 0.095890 0.018614
5 0.454545 0.059565 0.079701 0.019473
2 0.748443 0.439719 0.077210 0.015750
1 0.269614 0.551690 0.068493 0.016896
3 0.768369 0.979095 0.102117 0.016609
5 0.834371 0.787085 0.077210 0.018614
3 0.348070 0.707188 0.100872 0.016896
2 0.224159 0.785796 0.079701 0.017182
2 0.797011 0.939147 0.074720 0.017468
3 0.098381 0.552262 0.092154 0.017468
2 0.302615 0.100229 0.082192 0.018328
5 0.788917 0.404066 0.075965 0.016609
3 0.235367 0.472365 0.099626 0.016323
1 0.298257 0.940578 0.066002 0.017468
2 0.510585 0.252864 0.077210 0.017755
3 0.052304 0.327463 0.099626 0.023196
5 0.130760 0.866266 0.064757 0.018328
2 0.916563 0.744559 0.082192 0.017182
2 0.630137 0.292812 0.079701 0.016896
2 0.633873 0.590922 0.079701 0.015750
1 0.871108 0.511455 0.068493 0.016609
2 0.348070 0.176976 0.075965 0.016609
5 0.575342 0.513603 0.079701 0.020905
2 0.483188 0.630155 0.079701 0.017468
3 0.910336 0.216638 0.107098 0.018041
5 0.467621 0.019903 0.070984 0.020332
1 0.393524 0.018328 0.067248 0.017182
2 0.905355 0.863545 0.082192 0.017468
5 0.573474 0.979811 0.075965 0.017468
1 0.628892 0.058706 0.069738 0.017182
3 0.465131 0.367411 0.093400 0.016609
0 0.258406 0.978236 0.085928 0.020046
0 0.541719 0.292955 0.089664 0.019473
0 0.580946 0.175974 0.090909 0.018041
1 0.634496 0.254725 0.068493 0.018614
1 0.945828 0.019473 0.073474 0.017182
2 0.300747 0.402778 0.080946 0.015750
0 0.087796 0.291094 0.075965 0.020905
2 0.215442 0.019187 0.074720 0.017755
0 0.914695 0.293528 0.088418 0.018900
3 0.565380 0.630298 0.099626 0.017182
1 0.944583 0.100086 0.068493 0.016896
2 0.620174 0.668099 0.082192 0.016037
3 0.823786 0.440292 0.100872 0.016323
0 0.400996 0.978093 0.084682 0.018614
5 0.519303 0.707331 0.072229 0.018328
0 0.585928 0.139462 0.093400 0.018900
0 0.537983 0.669674 0.079701 0.019759
4 0.031133 0.942869 0.054795 0.017468
2 0.658780 0.744845 0.082192 0.017182
1 0.100249 0.097365 0.128269 0.024628
5 0.866127 0.903923 0.075965 0.019187
0 0.592777 0.786369 0.077210 0.019473
0 0.857410 0.589633 0.080946 0.018900
1 0.384807 0.437285 0.072229 0.017755
0 0.383562 0.785510 0.082192 0.017755
1 0.306974 0.511455 0.068493 0.017182
0 0.544832 0.018757 0.083437 0.020332
1 0.264010 0.707904 0.072229 0.019473
3 0.393524 0.511741 0.097136 0.017755
2 0.757783 0.138459 0.075965 0.017468
0 0.732254 0.901489 0.084682 0.017755
0 0.886052 0.057703 0.085928 0.019187
5 0.260274 0.866266 0.077210 0.018900
1 0.537360 0.473654 0.075965 0.015464
3 0.791407 0.058276 0.095890 0.016323
2 0.877335 0.707474 0.075965 0.017468
1 0.853051 0.979525 0.067248 0.016896
2 0.433375 0.705899 0.082192 0.017755
5 0.867995 0.331901 0.069738 0.026919
1 0.146949 0.138316 0.064757 0.016037
1 0.100872 0.629439 0.112080 0.017755
1 0.182441 0.941867 0.068493 0.017182
1 0.442715 0.668814 0.066002 0.016896
1 0.101494 0.746134 0.120797 0.021478
3 0.212329 0.100659 0.103362 0.018614
0 0.865504 0.368414 0.089664 0.018614
2 0.482565 0.510596 0.080946 0.018900
0 0.287049 0.438574 0.093400 0.015750
1 0.103985 0.826174 0.063512 0.017755
2 0.782067 0.367984 0.074720 0.016609
5 0.832503 0.824599 0.073474 0.018041
5 0.060399 0.250573 0.066002 0.026346
0 0.793275 0.628293 0.084682 0.017755
0 0.907846 0.404066 0.084682 0.016609
