0 0.701935 0.515040 0.092903 0.019864
0 0.576774 0.937003 0.085161 0.018161
5 0.432258 0.633655 0.080000 0.018161
3 0.204516 0.330448 0.101935 0.017310
5 0.121290 0.937997 0.059355 0.017877
3 0.770323 0.669552 0.100645 0.016742
0 0.176774 0.440267 0.080000 0.017877
4 0.316129 0.708144 0.072258 0.016742
4 0.381935 0.330165 0.072258 0.016175
0 0.251613 0.405647 0.085161 0.018445
0 0.865161 0.978008 0.083871 0.019012
4 0.624516 0.216373 0.069677 0.016742
5 0.433548 0.516175 0.072258 0.018729
4 0.726452 0.292281 0.072258 0.017026
0 0.625806 0.137628 0.087742 0.019296
2 0.361290 0.862940 0.074839 0.015891
0 0.354194 0.937287 0.089032 0.018161
2 0.847742 0.630675 0.077419 0.016175
2 0.912903 0.827043 0.073548 0.017310
4 0.476774 0.708712 0.073548 0.016742
2 0.501935 0.938280 0.074839 0.016742
2 0.309677 0.214813 0.080000 0.017026
3 0.466452 0.746737 0.104516 0.016742
0 0.916774 0.553348 0.089032 0.019296
0 0.715484 0.826901 0.078710 0.018729
0 0.461935 0.367906 0.092903 0.020148
0 0.318065 0.252270 0.101935 0.017026
0 0.739355 0.439841 0.080000 0.017026
1 0.552903 0.977157 0.070968 0.017310
1 0.712903 0.708144 0.073548 0.016175
5 0.137419 0.976022 0.114839 0.024120
0 0.575484 0.439557 0.092903 0.017026
0 0.156774 0.515891 0.089032 0.019864
4 0.397419 0.214813 0.074839 0.016459
0 0.098710 0.861521 0.122581 0.019864
0 0.774194 0.899546 0.098065 0.023269
3 0.363871 0.367906 0.103226 0.017877
2 0.902581 0.100738 0.081290 0.016459
5 0.512258 0.593360 0.074839 0.018161
1 0.097419 0.709137 0.101935 0.016459
3 0.500645 0.253973 0.095484 0.017594
0 0.365806 0.552781 0.086452 0.017594
1 0.405161 0.670403 0.069677 0.016742
1 0.664516 0.097191 0.090323 0.023553
0 0.556774 0.291572 0.091613 0.019012
0 0.328387 0.136351 0.086452 0.020148
5 0.654194 0.060443 0.067097 0.018729
0 0.350968 0.632378 0.087742 0.017877
2 0.666452 0.669977 0.078710 0.015891
1 0.796774 0.747162 0.073548 0.015323
2 0.916129 0.707577 0.080000 0.016175
3 0.784516 0.139188 0.103226 0.018445
0 0.076774 0.785045 0.078710 0.019012
0 0.871613 0.513763 0.086452 0.018445
2 0.292258 0.593360 0.076129 0.015891
0 0.864516 0.178916 0.087742 0.019012
5 0.543226 0.100454 0.069677 0.017594
0 0.550968 0.785187 0.085161 0.019864
0 0.406452 0.176930 0.080000 0.018445
0 0.275484 0.826617 0.081290 0.019864
2 0.469032 0.786322 0.078710 0.017026
0 0.906452 0.668133 0.089032 0.019012
5 0.440000 0.478575 0.077419 0.017877
2 0.566452 0.019296 0.085161 0.017026
1 0.694839 0.178207 0.065806 0.016459
3 0.737419 0.215806 0.091613 0.015607
2 0.187097 0.827327 0.077419 0.016742
0 0.741290 0.020573 0.089032 0.020715
1 0.390968 0.098751 0.072258 0.015891
0 0.748387 0.591232 0.095484 0.018445
0 0.766452 0.631243 0.082581 0.018445
1 0.544516 0.138337 0.067097 0.017310
0 0.672258 0.863365 0.082581 0.017877
0 0.878710 0.138763 0.090323 0.018729
1 0.538065 0.552923 0.061935 0.014472
1 0.917419 0.786606 0.069677 0.016459
5 0.075484 0.901390 0.089032 0.017310
1 0.141935 0.056328 0.110968 0.017310
3 0.808387 0.255108 0.094194 0.017026
0 0.694194 0.552072 0.087742 0.017310
5 0.472903 0.293417 0.070968 0.019864
1 0.156774 0.478434 0.073548 0.015323
5 0.098065 0.367480 0.108387 0.019296
0 0.783871 0.938422 0.086452 0.019296
5 0.611613 0.407350 0.074839 0.016175
2 0.273548 0.632804 0.080000 0.015891
2 0.287742 0.553490 0.080000 0.016175
1 0.641290 0.827894 0.072258 0.016742
1 0.496774 0.058740 0.080000 0.019296
3 0.218065 0.214671 0.103226 0.017877
2 0.104516 0.440125 0.064516 0.017026
1 0.356129 0.407066 0.074839 0.016742
0 0.479355 0.405647 0.081290 0.016742
0 0.411613 0.900397 0.082581 0.018729
0 0.843226 0.292565 0.091613 0.018161
0 0.072258 0.554058 0.069677 0.018445
0 0.561935 0.901107 0.091613 0.019580
1 0.276774 0.178348 0.063226 0.016742
1 0.568387 0.476305 0.073548 0.016175
2 0.291613 0.330306 0.080000 0.017594
5 0.182581 0.594637 0.070968 0.018445
0 0.756129 0.785471 0.085161 0.018729
2 0.920000 0.475738 0.077419 0.016175
1 0.394839 0.440267 0.072258 0.016175
3 0.736129 0.216090 0.094194 0.016742
0 0.250323 0.477866 0.082581 0.019296
0 0.031613 0.826759 0.060645 0.017877
2 0.141935 0.554484 0.074839 0.015323
1 0.807097 0.406782 0.073548 0.016175
3 0.535484 0.827894 0.098065 0.017877
1 0.620645 0.516175 0.074839 0.016459
0 0.243871 0.056896 0.087742 0.019012
0 0.734839 0.060301 0.089032 0.018445
0 0.761290 0.099886 0.095484 0.018161
0 0.274839 0.745176 0.095484 0.019864
0 0.325161 0.785897 0.077419 0.019580
0 0.529032 0.863082 0.090323 0.019580
3 0.323871 0.902100 0.092903 0.017026
3 0.309677 0.019012 0.098065 0.019864
5 0.788387 0.516175 0.072258 0.018729
0 0.581290 0.059166 0.083871 0.018445
2 0.630968 0.977015 0.077419 0.017026
1 0.421935 0.972616 0.082581 0.022985
2 0.638065 0.475454 0.078710 0.016742
