4 0.240083 0.373666 0.038284 0.024572
0 0.480858 0.425168 0.047509 0.024324
4 0.531596 0.165798 0.040129 0.030777
0 0.494234 0.673740 0.035517 0.022090
5 0.728090 0.676346 0.037362 0.023331
0 0.689345 0.505460 0.054889 0.034500
1 0.319419 0.422189 0.035517 0.023331
0 0.449723 0.376520 0.052583 0.023331
1 0.460793 0.803053 0.037823 0.021097
0 0.947186 0.629064 0.047509 0.032514
0 0.508764 0.976173 0.044280 0.022834
0 0.845710 0.380988 0.042897 0.023827
1 0.178506 0.291884 0.042435 0.022338
0 0.953413 0.075949 0.044280 0.022338
0 0.636301 0.851328 0.046587 0.023331
5 0.661900 0.338173 0.036900 0.023579
0 0.731780 0.718416 0.044742 0.023579
5 0.363238 0.465872 0.036439 0.023331
1 0.808810 0.802308 0.036439 0.024075
2 0.328413 0.675354 0.042435 0.021842
1 0.097555 0.163688 0.045664 0.021593
5 0.434271 0.467734 0.035517 0.023083
3 0.694419 0.210598 0.050277 0.025565
0 0.353782 0.074708 0.044280 0.025813
5 0.212869 0.590717 0.037362 0.026806
5 0.617620 0.508191 0.039668 0.026061
4 0.290821 0.466617 0.034594 0.024820
2 0.381227 0.292380 0.035517 0.022834
1 0.459179 0.295731 0.039207 0.026061
0 0.094096 0.421320 0.047970 0.022090
3 0.530212 0.467734 0.055812 0.023083
0 0.697648 0.549516 0.042897 0.023827
0 0.934502 0.848598 0.053506 0.023331
4 0.521448 0.256143 0.033672 0.023331
5 0.707795 0.426533 0.043819 0.025068
4 0.217482 0.762100 0.033672 0.022586
4 0.017758 0.203276 0.033672 0.026806
4 0.644834 0.800819 0.038745 0.022586
1 0.686347 0.257260 0.034133 0.022090
4 0.401983 0.206255 0.033672 0.021842
1 0.681734 0.892281 0.036900 0.022834
1 0.190037 0.978034 0.039668 0.024075
0 0.925969 0.588483 0.051199 0.022834
5 0.643681 0.027674 0.042897 0.022586
1 0.260609 0.938198 0.038745 0.026309
0 0.626614 0.931869 0.048432 0.022586
2 0.501153 0.293745 0.047509 0.022090
2 0.390683 0.507942 0.050738 0.022090
4 0.172740 0.421196 0.036439 0.025316
3 0.922509 0.800571 0.055351 0.023083
0 0.605397 0.675478 0.045664 0.023579
5 0.436577 0.853686 0.038284 0.023083
5 0.600092 0.295855 0.039668 0.024820
5 0.086024 0.546165 0.035517 0.024572
1 0.877768 0.934599 0.043358 0.023579
1 0.159133 0.374286 0.037823 0.022834
5 0.354705 0.589600 0.037823 0.023579
5 0.275600 0.116282 0.040129 0.023083
0 0.751845 0.120501 0.049815 0.024075
0 0.771679 0.590097 0.047970 0.024572
5 0.424585 0.673989 0.041052 0.024572
4 0.046356 0.588608 0.041974 0.023083
0 0.972325 0.891785 0.045203 0.024324
3 0.148985 0.069248 0.052583 0.021842
1 0.029059 0.422934 0.039668 0.024324
0 0.323339 0.508315 0.065498 0.022834
0 0.790590 0.297841 0.042435 0.024324
5 0.462869 0.507942 0.042897 0.023579
5 0.136531 0.588980 0.038745 0.022834
0 0.546356 0.935344 0.049354 0.022586
5 0.156365 0.852445 0.048893 0.022586
1 0.980858 0.672623 0.034594 0.022834
0 0.559502 0.257012 0.045203 0.022586
5 0.224862 0.632043 0.041974 0.024075
5 0.946264 0.466493 0.038284 0.023083
0 0.762685 0.467610 0.047509 0.023331
5 0.247694 0.979151 0.044280 0.024820
0 0.045434 0.719285 0.050277 0.024324
5 0.163515 0.547655 0.041974 0.023579
4 0.773524 0.800695 0.033210 0.022338
5 0.548432 0.590097 0.038745 0.022090
5 0.898755 0.550012 0.041052 0.022834
0 0.391375 0.589104 0.040129 0.022586
0 0.953644 0.030156 0.045664 0.023579
0 0.668819 0.296724 0.046125 0.023083
5 0.499077 0.936088 0.052583 0.021097
0 0.277214 0.165302 0.045203 0.020849
0 0.966328 0.380119 0.046125 0.024075
5 0.726707 0.590841 0.043819 0.022586
1 0.209640 0.466493 0.038284 0.022090
0 0.251614 0.588235 0.044742 0.023331
0 0.148293 0.116034 0.048432 0.024572
1 0.253229 0.508687 0.045203 0.025068
3 0.854935 0.671258 0.056734 0.024572
5 0.762223 0.760735 0.042897 0.025813
0 0.943035 0.549020 0.047509 0.024820
1 0.186808 0.115041 0.035978 0.022586
5 0.348939 0.718541 0.046587 0.021842
3 0.630996 0.717548 0.062731 0.025813
0 0.801199 0.257136 0.047048 0.022834
0 0.267989 0.629437 0.047048 0.023331
5 0.376153 0.804790 0.041974 0.022586
0 0.127306 0.204145 0.043358 0.024572
4 0.314345 0.804666 0.031827 0.022338
5 0.779751 0.719409 0.043819 0.025565
3 0.064114 0.202159 0.050738 0.027550
0 0.929197 0.257384 0.042897 0.023331
1 0.339022 0.551129 0.036900 0.023083
5 0.538284 0.716927 0.042435 0.026061
0 0.973017 0.802556 0.048432 0.022090
0 0.578875 0.550757 0.042435 0.023331
3 0.585101 0.800819 0.055812 0.023083
3 0.099862 0.717548 0.066882 0.025813
4 0.879843 0.121991 0.035517 0.023579
0 0.619004 0.975800 0.052583 0.023579
5 0.051430 0.901961 0.059502 0.025813
3 0.453183 0.974808 0.065959 0.024075
0 0.810424 0.074584 0.047970 0.025068
5 0.491928 0.550881 0.037362 0.024075
0 0.240775 0.027054 0.054428 0.025316
1 0.632380 0.258377 0.036900 0.022834
0 0.541513 0.380367 0.046125 0.025565
0 0.610009 0.169521 0.046587 0.024324
3 0.862546 0.072971 0.054428 0.026806
5 0.752768 0.550385 0.036900 0.023579
4 0.747924 0.213204 0.034594 0.022834
0 0.269373 0.333457 0.050738 0.023083
0 0.200876 0.509183 0.064114 0.024075
5 0.655443 0.676222 0.038745 0.024572
0 0.958256 0.172623 0.041974 0.023083
0 0.598939 0.629188 0.046587 0.024324
0 0.580720 0.467486 0.042435 0.023083
0 0.184041 0.938074 0.065498 0.027054
2 0.476937 0.851948 0.046125 0.022586
0 0.215406 0.252668 0.047048 0.022338
1 0.251845 0.762596 0.033210 0.020601
3 0.541974 0.628816 0.062731 0.024075
0 0.748155 0.628320 0.045203 0.024075
0 0.915129 0.123480 0.044280 0.023083
3 0.704105 0.974559 0.065037 0.024572
3 0.324723 0.334326 0.057196 0.024324
0 0.456411 0.167287 0.043819 0.021842
1 0.099400 0.374535 0.045664 0.022338
0 0.289668 0.898114 0.048893 0.023579
5 0.388376 0.551253 0.044280 0.022834
5 0.082103 0.852072 0.046125 0.028295
4 0.660978 0.624348 0.049815 0.026061
0 0.280904 0.204393 0.045203 0.023083
0 0.648985 0.213204 0.043358 0.022834
1 0.285286 0.676843 0.046587 0.023827
3 0.223017 0.162695 0.055812 0.024572
1 0.491467 0.717175 0.036439 0.024572
4 0.319880 0.588608 0.034594 0.023579
4 0.055812 0.163564 0.044280 0.022338
0 0.761762 0.934971 0.048432 0.023827
0 0.210101 0.716059 0.056734 0.022834
0 0.569880 0.120750 0.050277 0.025068
4 0.154290 0.977538 0.036439 0.024075
0 0.521910 0.758873 0.040129 0.027550
1 0.166744 0.804170 0.043819 0.023331
3 0.853090 0.025813 0.061347 0.025316
0 0.801661 0.026682 0.047970 0.025565
1 0.857472 0.254654 0.037823 0.025316
0 0.541513 0.027923 0.047970 0.024572
1 0.971402 0.589352 0.037823 0.022090
0 0.536439 0.802805 0.051661 0.022586
0 0.394142 0.252792 0.049354 0.024572
1 0.935886 0.719037 0.048893 0.023827
1 0.315959 0.850831 0.036900 0.020352
3 0.960101 0.503723 0.057657 0.022090
1 0.490775 0.378009 0.037823 0.023827
3 0.342712 0.897741 0.059963 0.022834
