0 0.563808 0.136842 0.110879 0.210526
0 0.384937 0.142105 0.104603 0.185965
0 0.758368 0.400000 0.102510 0.210526
0 0.706067 0.642105 0.098326 0.182456
0 0.466527 0.636842 0.108787 0.200000
0 0.734310 0.878947 0.104603 0.178947
0 0.430962 0.864912 0.104603 0.192982
2 0.756276 0.147368 0.102510 0.175439
2 0.879707 0.659649 0.102510 0.161404
2 0.621339 0.892982 0.108787 0.157895
5 0.282427 0.394737 0.083682 0.178947
5 0.790795 0.647368 0.087866 0.143860
5 0.481172 0.810526 0.008368 0.007018
5 0.524059 0.891228 0.089958 0.161404
