0 0.431776 0.020370 0.082243 0.026852
0 0.265421 0.021528 0.089720 0.028241
0 0.437383 0.052778 0.085981 0.027778
0 0.273832 0.055093 0.080374 0.026852
0 0.492523 0.120370 0.087850 0.025926
0 0.464486 0.152546 0.087850 0.025463
0 0.190654 0.254861 0.089720 0.027315
0 0.735514 0.285417 0.076636 0.025463
0 0.751402 0.315741 0.089720 0.025926
0 0.603738 0.316898 0.089720 0.026389
0 0.498131 0.316204 0.084112 0.029630
0 0.354206 0.383333 0.087850 0.026852
0 0.663551 0.448380 0.093458 0.026389
0 0.751402 0.481944 0.089720 0.026852
0 0.557009 0.553009 0.082243 0.025463
0 0.957009 0.586574 0.082243 0.025000
0 0.573832 0.585417 0.089720 0.028241
0 0.956075 0.617824 0.084112 0.026389
0 0.209346 0.652778 0.115888 0.024074
0 0.957944 0.685880 0.084112 0.028241
0 0.565421 0.685880 0.084112 0.027315
0 0.954206 0.719444 0.091589 0.026852
0 0.690654 0.750694 0.084112 0.025463
0 0.230841 0.752083 0.076636 0.028241
0 0.646729 0.782639 0.089720 0.027315
0 0.182243 0.817130 0.057944 0.027778
0 0.581308 0.850926 0.093458 0.025926
0 0.920561 0.949537 0.087850 0.025926
0 0.737383 0.982870 0.084112 0.024074
1 0.666355 0.121296 0.072897 0.020370
1 0.135514 0.122222 0.095327 0.020370
1 0.386916 0.154167 0.067290 0.020370
1 0.670093 0.186574 0.080374 0.021296
1 0.485047 0.256481 0.072897 0.020370
1 0.359813 0.256019 0.076636 0.020370
1 0.316822 0.351852 0.076636 0.022222
1 0.255140 0.451620 0.065421 0.020833
1 0.154206 0.452315 0.069159 0.023148
1 0.128972 0.520370 0.056075 0.020370
1 0.650467 0.554630 0.078505 0.020370
1 0.493458 0.587500 0.071028 0.023148
1 0.787850 0.620139 0.076636 0.020833
1 0.642991 0.618981 0.074766 0.020370
1 0.501869 0.653009 0.072897 0.018981
1 0.317757 0.718287 0.082243 0.027315
1 0.705607 0.852546 0.065421 0.019907
1 0.400935 0.855324 0.076636 0.020833
1 0.718692 0.887269 0.076636 0.022685
1 0.600000 0.883565 0.085981 0.028241
1 0.830841 0.919907 0.076636 0.020370
1 0.697196 0.919907 0.074766 0.020370
1 0.478505 0.950694 0.071028 0.019907
1 0.356075 0.984722 0.069159 0.021296
2 0.776636 0.056713 0.091589 0.022685
2 0.721495 0.089120 0.093458 0.021759
2 0.257944 0.090509 0.089720 0.023611
2 0.560748 0.153704 0.104673 0.022222
2 0.528972 0.223611 0.089720 0.021296
2 0.707477 0.255787 0.087850 0.022685
2 0.928037 0.320370 0.102804 0.023148
2 0.181308 0.386111 0.085981 0.022222
2 0.824299 0.450926 0.100935 0.024074
2 0.466355 0.450000 0.091589 0.024074
2 0.350467 0.587963 0.087850 0.023148
2 0.371963 0.621065 0.089720 0.022685
2 0.878505 0.653009 0.097196 0.022685
2 0.825234 0.718750 0.106542 0.022685
2 0.669159 0.818981 0.097196 0.024074
2 0.297196 0.820370 0.093458 0.023148
2 0.610280 0.919444 0.091589 0.023148
2 0.525234 0.919444 0.097196 0.022222
2 0.247664 0.920602 0.084112 0.023611
3 0.528037 0.021759 0.106542 0.025000
3 0.535514 0.055324 0.106542 0.024537
3 0.580374 0.089352 0.114019 0.025000
3 0.280374 0.156019 0.112150 0.023148
3 0.516822 0.188194 0.114019 0.022685
3 0.399065 0.188426 0.110280 0.023148
3 0.850467 0.220833 0.115888 0.024074
3 0.734579 0.221759 0.108411 0.023148
3 0.240187 0.223148 0.102804 0.024074
3 0.874766 0.385648 0.112150 0.024074
3 0.559813 0.384722 0.114019 0.023148
3 0.821495 0.519907 0.114019 0.024074
3 0.571963 0.519444 0.127103 0.024074
3 0.241121 0.620833 0.097196 0.023148
3 0.511215 0.720833 0.106542 0.023148
3 0.944860 0.785880 0.110280 0.024537
3 0.557009 0.818981 0.115888 0.023148
4 0.420561 0.089583 0.074766 0.021759
4 0.412150 0.122917 0.069159 0.020833
4 0.058879 0.155556 0.057944 0.018519
4 0.274766 0.187500 0.074766 0.022222
4 0.122430 0.186806 0.087850 0.024537
4 0.412150 0.222685 0.076636 0.020370
4 0.122430 0.255787 0.061682 0.022685
4 0.477570 0.416898 0.069159 0.021759
4 0.126168 0.620833 0.050467 0.020370
5 0.168224 0.024306 0.071028 0.022685
5 0.196262 0.057870 0.071028 0.021296
5 0.731776 0.121991 0.069159 0.018981
5 0.912150 0.153935 0.082243 0.022685
5 0.748598 0.186111 0.080374 0.020370
5 0.649533 0.221528 0.072897 0.023611
5 0.324299 0.223843 0.080374 0.022685
5 0.643925 0.286806 0.080374 0.021759
5 0.349533 0.287731 0.082243 0.023611
5 0.785981 0.384491 0.080374 0.019907
5 0.430841 0.384722 0.080374 0.021296
5 0.945794 0.418750 0.074766 0.022685
5 0.885047 0.418519 0.072897 0.021296
5 0.580374 0.450926 0.069159 0.020370
5 0.478505 0.484259 0.085981 0.022222
5 0.381308 0.485185 0.078505 0.022222
5 0.430841 0.519907 0.065421 0.021296
5 0.429907 0.554630 0.078505 0.020370
5 0.736449 0.587269 0.071028 0.022685
5 0.574766 0.654398 0.091589 0.021759
5 0.646729 0.686574 0.082243 0.023148
5 0.477570 0.687269 0.076636 0.021759
5 0.374766 0.688657 0.076636 0.021759
5 0.420561 0.721065 0.074766 0.021759
5 0.759813 0.753472 0.072897 0.021759
1 0.314953 0.753241 0.069159 0.020370
5 0.905607 0.819907 0.076636 0.023148
5 0.854206 0.853704 0.085981 0.024074
5 0.829907 0.952083 0.074766 0.021759
5 0.733645 0.950926 0.080374 0.019444
5 0.561682 0.951389 0.072897 0.022222
5 0.200935 0.952546 0.080374 0.024537
