0 0.513944 0.020912 0.079681 0.023026
0 0.808765 0.020677 0.079681 0.023496
0 0.318725 0.018797 0.083665 0.026316
0 0.175299 0.020442 0.087649 0.023026
0 0.892430 0.052162 0.087649 0.024436
0 0.171315 0.083647 0.091633 0.026316
0 0.589641 0.118421 0.091633 0.023496
0 0.453187 0.118421 0.089641 0.025376
0 0.758964 0.150846 0.083665 0.025376
0 0.452191 0.185385 0.091633 0.027726
0 0.735060 0.218750 0.091633 0.024906
0 0.487052 0.218045 0.093625 0.025376
0 0.239044 0.217810 0.079681 0.024906
0 0.234064 0.251410 0.089641 0.024436
0 0.810757 0.283835 0.095618 0.028195
0 0.625498 0.316494 0.083665 0.024906
0 0.916335 0.381814 0.095618 0.026786
0 0.677291 0.382284 0.087649 0.025846
0 0.482072 0.382989 0.083665 0.024436
0 0.341633 0.382754 0.089641 0.025846
0 0.853586 0.414004 0.085657 0.024436
0 0.224104 0.413299 0.077689 0.025846
0 0.856574 0.480028 0.083665 0.025846
0 0.914343 0.513863 0.095618 0.026786
0 0.395418 0.515742 0.093625 0.024906
0 0.253984 0.515273 0.081673 0.026786
0 0.876494 0.549107 0.083665 0.024906
0 0.669323 0.684445 0.091633 0.027726
0 0.308765 0.684211 0.091633 0.025376
0 0.199203 0.684445 0.095618 0.026786
0 0.922311 0.717105 0.095618 0.025376
0 0.606574 0.715461 0.097610 0.024906
0 0.604582 0.747415 0.089641 0.024906
0 0.744024 0.778900 0.097610 0.022086
0 0.316733 0.779840 0.083665 0.023966
0 0.429283 0.811795 0.089641 0.023966
0 0.748008 0.846570 0.093625 0.022086
0 0.498008 0.844455 0.091633 0.025376
0 0.521912 0.878759 0.091633 0.025376
0 0.312749 0.913064 0.091633 0.023496
0 0.433267 0.944549 0.093625 0.026316
0 0.837649 0.976269 0.105578 0.025846
0 0.481076 0.978383 0.085657 0.027256
0 0.112550 0.979088 0.105578 0.025846
1 0.867530 0.252115 0.085657 0.023026
1 0.743028 0.253524 0.079681 0.022086
1 0.333665 0.253524 0.073705 0.019267
1 0.140438 0.286419 0.065737 0.021147
1 0.481076 0.318844 0.069721 0.020207
1 0.242032 0.318609 0.077689 0.019737
1 0.790837 0.085056 0.075697 0.020677
1 0.373506 0.450188 0.073705 0.020677
1 0.714143 0.482143 0.069721 0.019737
1 0.500996 0.483083 0.065737 0.019737
1 0.459163 0.550282 0.073705 0.018797
1 0.329681 0.550752 0.073705 0.018797
1 0.882470 0.584586 0.067729 0.019737
1 0.933267 0.617246 0.069721 0.021147
1 0.737052 0.616071 0.071713 0.020677
1 0.644422 0.617011 0.081673 0.020677
1 0.889442 0.021617 0.073705 0.018797
1 0.432271 0.652256 0.067729 0.021617
1 0.756972 0.686560 0.075697 0.020677
1 0.307769 0.846805 0.065737 0.020677
1 0.788845 0.879934 0.067729 0.021147
1 0.221116 0.881109 0.067729 0.020677
1 0.088645 0.881109 0.061753 0.020677
1 0.722112 0.912359 0.069721 0.018327
1 0.529880 0.913299 0.079681 0.020207
1 0.445219 0.914239 0.077689 0.023026
1 0.726096 0.946429 0.081673 0.019737
1 0.536853 0.944784 0.077689 0.022086
2 0.574701 0.254699 0.089641 0.020677
2 0.910359 0.285244 0.087649 0.023496
2 0.563745 0.286654 0.095618 0.023496
2 0.317729 0.417998 0.089641 0.024906
2 0.876494 0.447603 0.095618 0.022086
2 0.456175 0.450893 0.091633 0.022086
2 0.239044 0.552162 0.099602 0.021617
2 0.487052 0.619126 0.097610 0.022086
2 0.138446 0.619831 0.073705 0.022556
2 0.167331 0.782425 0.075697 0.022556
2 0.619522 0.880404 0.083665 0.021147
3 0.169323 0.054041 0.127490 0.025376
3 0.391434 0.086701 0.109562 0.023026
3 0.713147 0.120536 0.123506 0.023026
3 0.250996 0.153195 0.103586 0.022556
3 0.558765 0.186795 0.113546 0.023966
3 0.080677 0.184680 0.141434 0.023496
3 0.745020 0.349624 0.123506 0.022556
3 0.194223 0.352444 0.113546 0.023496
3 0.141434 0.484492 0.107570 0.020677
3 0.518924 0.517857 0.113546 0.023496
3 0.261952 0.585291 0.117530 0.024906
3 0.376494 0.619126 0.119522 0.023966
3 0.539841 0.653195 0.123506 0.025376
3 0.337649 0.653195 0.117530 0.024436
3 0.126494 0.751175 0.117530 0.023026
3 0.419323 0.781015 0.113546 0.021617
3 0.533865 0.814615 0.115538 0.023966
3 0.110558 0.815320 0.105578 0.024436
3 0.323705 0.948308 0.117530 0.022556
3 0.225100 0.982143 0.119522 0.026316
4 0.288845 0.286419 0.071713 0.022086
4 0.800797 0.318139 0.071713 0.020677
4 0.379482 0.318609 0.077689 0.021617
4 0.622510 0.351269 0.081673 0.020207
4 0.616534 0.448308 0.073705 0.021617
5 0.479084 0.054511 0.073705 0.019737
5 0.858566 0.086701 0.075697 0.022086
5 0.908367 0.153665 0.071713 0.022556
5 0.478088 0.153665 0.079681 0.020677
5 0.162351 0.152491 0.081673 0.022086
5 0.152390 0.252585 0.073705 0.019267
5 0.043825 0.286184 0.063745 0.021617
5 0.098606 0.320019 0.065737 0.021617
5 0.566733 0.418468 0.085657 0.023966
5 0.577689 0.484492 0.087649 0.020677
5 0.793825 0.550752 0.077689 0.020677
5 0.709163 0.550752 0.079681 0.019737
5 0.543825 0.551927 0.083665 0.022086
5 0.289841 0.619831 0.077689 0.020677
5 0.097610 0.653195 0.067729 0.022556
5 0.693227 0.718750 0.075697 0.019267
5 0.828685 0.781485 0.087649 0.021617
5 0.108566 0.917528 0.081673 0.023026
5 0.924303 0.980028 0.083665 0.021147
