0 0.396694 0.059274 0.107438 0.034600
0 0.840909 0.098128 0.099174 0.031764
0 0.922521 0.177822 0.105372 0.033466
0 0.342975 0.175553 0.095041 0.035735
0 0.125000 0.172433 0.084711 0.036302
0 0.930785 0.217243 0.101240 0.032898
0 0.473140 0.256098 0.099174 0.032331
0 0.668388 0.337777 0.092975 0.033466
0 0.219008 0.378616 0.107438 0.033466
0 0.950413 0.419455 0.095041 0.034600
0 0.743802 0.461146 0.090909 0.032898
0 0.455579 0.458877 0.092975 0.030630
0 0.292355 0.459728 0.092975 0.031197
0 0.887397 0.538854 0.092975 0.032898
0 0.154959 0.538003 0.082645 0.035735
0 0.689050 0.662791 0.097107 0.031197
0 0.076446 0.664776 0.082645 0.035167
0 0.408058 0.822462 0.088843 0.030630
0 0.903926 0.859614 0.088843 0.031197
0 0.836777 0.899036 0.090909 0.029495
0 0.389463 0.905559 0.097107 0.034600
1 0.203512 0.019002 0.092975 0.027794
1 0.064050 0.018434 0.111570 0.026659
1 0.698347 0.138400 0.086777 0.026092
1 0.712810 0.217243 0.090909 0.032898
1 0.379132 0.256098 0.088843 0.032331
1 0.040289 0.298355 0.068182 0.026092
1 0.830579 0.462280 0.082645 0.028361
1 0.615702 0.541123 0.078512 0.023823
1 0.440083 0.540839 0.078512 0.024390
1 0.660124 0.585082 0.088843 0.027794
1 0.596074 0.665343 0.080579 0.026092
1 0.566116 0.702212 0.074380 0.024957
1 0.317149 0.783607 0.080579 0.025525
1 0.744835 0.862167 0.076446 0.024957
1 0.867769 0.940442 0.082645 0.022689
1 0.731405 0.943562 0.078512 0.024390
2 0.209711 0.061543 0.109504 0.028928
2 0.461777 0.101815 0.113636 0.027794
2 0.925620 0.140669 0.103306 0.030630
2 0.523760 0.138684 0.105372 0.026659
2 0.383264 0.136982 0.105372 0.026659
2 0.050620 0.177255 0.076446 0.025525
2 0.574380 0.259501 0.103306 0.026659
2 0.885331 0.300057 0.101240 0.027226
2 0.548554 0.298922 0.101240 0.027226
2 0.775826 0.339478 0.105372 0.027794
2 0.515496 0.340329 0.105372 0.028361
2 0.473140 0.380318 0.099174 0.027794
2 0.340909 0.380601 0.103306 0.028361
2 0.637397 0.462847 0.105372 0.027226
2 0.850207 0.503403 0.092975 0.026659
2 0.493802 0.502552 0.103306 0.024957
2 0.304752 0.541407 0.101240 0.027794
2 0.442149 0.585082 0.111570 0.027794
2 0.190083 0.584799 0.090909 0.026092
2 0.103306 0.626773 0.111570 0.030630
2 0.869835 0.665627 0.090909 0.026659
2 0.238636 0.742768 0.109504 0.030062
2 0.542355 0.783891 0.097107 0.027226
2 0.659091 0.863018 0.099174 0.027794
2 0.570248 0.904991 0.099174 0.026659
2 0.160124 0.907828 0.109504 0.028928
2 0.861570 0.981282 0.095041 0.024957
2 0.738636 0.100397 0.101240 0.027226
3 0.098140 0.060692 0.109504 0.028361
3 0.803719 0.138117 0.128099 0.030062
3 0.517562 0.179240 0.126033 0.029495
3 0.819215 0.219796 0.121901 0.030062
3 0.262397 0.259784 0.123967 0.028361
3 0.725207 0.378900 0.123967 0.030630
3 0.174587 0.463415 0.121901 0.028361
3 0.555785 0.585366 0.123967 0.030630
3 0.865702 0.626205 0.119835 0.029495
3 0.224174 0.667328 0.117769 0.030062
3 0.363636 0.704765 0.119835 0.028928
3 0.185950 0.705332 0.107438 0.030062
3 0.697314 0.740216 0.130165 0.029495
3 0.480372 0.742201 0.126033 0.027794
3 0.866736 0.781339 0.121901 0.027794
3 0.595041 0.823880 0.119835 0.030062
3 0.407025 0.864152 0.119835 0.028928
4 0.765496 0.298639 0.084711 0.024390
4 0.100207 0.338344 0.138430 0.026659
4 0.755165 0.583664 0.088843 0.026092
4 0.076446 0.704197 0.066116 0.024390
4 0.866736 0.737379 0.084711 0.031764
4 0.109504 0.741917 0.086777 0.027226
4 0.263430 0.987805 0.076446 0.024390
5 0.508264 0.219796 0.078512 0.025525
5 0.044421 0.257799 0.080579 0.026659
5 0.277893 0.299490 0.088843 0.026092
5 0.099174 0.299490 0.082645 0.026092
5 0.953512 0.341463 0.088843 0.027226
5 0.127066 0.381736 0.080579 0.029495
5 0.070248 0.380601 0.066116 0.028361
5 0.732438 0.421157 0.092975 0.027794
5 0.391529 0.421724 0.088843 0.026659
5 0.911157 0.461997 0.086777 0.024390
5 0.688017 0.541974 0.090909 0.026659
5 0.454545 0.626773 0.086777 0.023823
5 0.953512 0.665060 0.088843 0.025525
5 0.670455 0.702496 0.080579 0.024390
5 0.375000 0.743052 0.088843 0.026092
5 0.948347 0.780488 0.099174 0.026092
5 0.316116 0.825298 0.086777 0.026092
5 0.962810 0.901305 0.074380 0.024957
5 0.305785 0.906410 0.078512 0.027226
5 0.561983 0.944980 0.090909 0.027226
5 0.418388 0.945831 0.084711 0.026659
5 0.196281 0.948383 0.086777 0.027226
5 0.082645 0.948951 0.078512 0.026092
5 0.670455 0.983551 0.097107 0.028361
5 0.596074 0.984118 0.080579 0.024957
