3 0.694444 0.032423 0.089041 0.026551
2 0.618721 0.037529 0.086758 0.035742
0 0.391172 0.033572 0.070015 0.026806
5 0.328006 0.035869 0.062405 0.024764
1 0.268265 0.034976 0.063166 0.026040
3 0.768265 0.078632 0.093607 0.024509
1 0.655632 0.079525 0.067732 0.028338
0 0.446728 0.079525 0.073059 0.028338
2 0.358828 0.090248 0.082953 0.045698
4 0.861872 0.122543 0.066210 0.022466
1 0.789574 0.124457 0.061644 0.026296
0 0.686834 0.122926 0.073820 0.027317
0 0.551750 0.126117 0.077626 0.034210
2 0.483638 0.133903 0.078387 0.047230
2 0.348174 0.131223 0.082953 0.033699
0 0.797565 0.170156 0.070015 0.028338
1 0.498858 0.172198 0.061644 0.026806
4 0.412481 0.171560 0.074581 0.024509
1 0.146880 0.171305 0.063927 0.027572
3 0.711948 0.212152 0.093607 0.024509
2 0.629756 0.224406 0.092085 0.049017
0 0.388508 0.212407 0.081431 0.027572
5 0.320396 0.214577 0.068493 0.026296
1 0.657915 0.256702 0.069254 0.027827
0 0.252283 0.256319 0.072298 0.027572
1 0.937595 0.301379 0.063927 0.028338
2 0.718798 0.310186 0.093607 0.048507
0 0.640791 0.299974 0.073059 0.023487
3 0.818493 0.343375 0.089041 0.024509
5 0.747717 0.344141 0.066210 0.026551
0 0.406012 0.388690 0.066210 0.026296
1 0.341705 0.389839 0.059361 0.026040
5 0.234399 0.390477 0.062405 0.026296
5 0.175799 0.392392 0.065449 0.028083
0 0.496195 0.434261 0.073059 0.027572
5 0.425038 0.436559 0.073820 0.026040
1 0.357686 0.438856 0.063927 0.028593
0 0.901065 0.478172 0.070015 0.026040
5 0.841324 0.480214 0.063166 0.024509
1 0.769787 0.482002 0.066210 0.028593
0 0.510654 0.482640 0.068493 0.026296
5 0.442161 0.482767 0.070015 0.026040
1 0.367960 0.485065 0.070776 0.028593
2 0.301750 0.484044 0.078387 0.024509
0 0.897641 0.524764 0.073820 0.025785
5 0.829909 0.525785 0.069254 0.028849
1 0.761035 0.527827 0.068493 0.026296
0 0.539574 0.526168 0.068493 0.028593
3 0.453957 0.529232 0.090563 0.025530
0 0.303272 0.528849 0.067732 0.026296
2 0.937595 0.579142 0.077626 0.045698
1 0.714231 0.573015 0.069254 0.026806
4 0.591324 0.571994 0.073059 0.026806
0 0.459665 0.574292 0.074581 0.025785
1 0.393836 0.576845 0.064688 0.025274
1 0.287291 0.575823 0.069254 0.026806
0 0.213470 0.574674 0.067732 0.028083
1 0.915525 0.617820 0.063927 0.025019
0 0.742390 0.616160 0.067732 0.028338
1 0.641933 0.621394 0.064688 0.028593
5 0.356164 0.620756 0.060883 0.026296
3 0.846651 0.662369 0.085997 0.023743
2 0.776256 0.667603 0.077626 0.037784
2 0.639269 0.671815 0.089802 0.042635
5 0.473364 0.664156 0.065449 0.028338
5 0.184932 0.667475 0.070015 0.028338
2 0.909056 0.708961 0.081431 0.025530
3 0.824581 0.709472 0.093607 0.027062
5 0.380518 0.712280 0.070015 0.024509
1 0.692161 0.758233 0.063166 0.027572
1 0.595890 0.759382 0.068493 0.030891
0 0.518265 0.756446 0.062405 0.025019
1 0.414764 0.759765 0.066971 0.028593
0 0.215753 0.755553 0.066210 0.026806
0 0.939498 0.799209 0.070776 0.027317
3 0.860350 0.802144 0.090563 0.025019
0 0.697489 0.800996 0.079909 0.026296
5 0.638889 0.803549 0.063166 0.026806
1 0.584475 0.803038 0.059361 0.027827
0 0.457382 0.802910 0.076104 0.028083
3 0.354262 0.803166 0.098174 0.025019
2 0.277778 0.806229 0.085236 0.029615
3 0.836758 0.846183 0.090563 0.026296
5 0.765982 0.846311 0.070776 0.025530
1 0.700152 0.848226 0.073059 0.027317
0 0.552511 0.846949 0.073059 0.026806
4 0.491629 0.845800 0.059361 0.024509
1 0.294140 0.848098 0.069254 0.030125
0 0.863014 0.892903 0.068493 0.028338
2 0.636606 0.898775 0.089041 0.041613
1 0.913623 0.938473 0.064688 0.027572
3 0.842466 0.937324 0.088280 0.026296
5 0.773592 0.936559 0.069254 0.026806
5 0.596651 0.937324 0.066971 0.026296
0 0.464992 0.935027 0.068493 0.025274
1 0.359589 0.938601 0.064688 0.027317
0 0.941020 0.977534 0.067732 0.029104
4 0.733638 0.979066 0.068493 0.025019
5 0.457002 0.976896 0.066210 0.026806
4 0.398782 0.975619 0.060883 0.025274
1 0.306697 0.979066 0.063927 0.025019
5 0.141553 0.977661 0.105023 0.027827
3 0.716134 0.893286 0.097412 0.026040
5 0.793760 0.893924 0.066971 0.028338
3 0.772070 0.255170 0.093607 0.024764
1 0.701674 0.437707 0.065449 0.029359
4 0.574962 0.435537 0.072298 0.025019
1 0.823440 0.620756 0.066971 0.031912
