1 0.813154 0.341159 0.023916 0.018981
2 0.449178 0.236264 0.028401 0.020979
1 0.857997 0.419580 0.023916 0.017982
2 0.710015 0.226773 0.026906 0.019980
4 0.097160 0.251748 0.026906 0.017982
2 0.869955 0.099401 0.029895 0.018981
1 0.898356 0.258242 0.023916 0.020979
3 0.474589 0.344156 0.034380 0.018981
5 0.556801 0.307193 0.022422 0.016983
1 0.514948 0.592408 0.025411 0.021978
2 0.785501 0.101898 0.028401 0.017982
5 0.341555 0.086913 0.025411 0.021978
3 0.237668 0.318681 0.029895 0.017982
1 0.713752 0.419081 0.022422 0.018981
2 0.142750 0.604396 0.028401 0.021978
3 0.409567 0.891608 0.035874 0.018981
2 0.910314 0.179820 0.032885 0.019980
4 0.428251 0.427572 0.028401 0.019980
4 0.585202 0.150350 0.025411 0.018981
5 0.137519 0.091908 0.023916 0.019980
2 0.254111 0.356144 0.029895 0.018981
3 0.292975 0.681818 0.032885 0.020979
0 0.896114 0.020480 0.031390 0.018981
1 0.917788 0.794206 0.026906 0.023976
2 0.789985 0.340659 0.028401 0.017982
2 0.547085 0.233766 0.032885 0.019980
3 0.063528 0.370629 0.031390 0.017982
1 0.767564 0.668332 0.025411 0.019980
3 0.207025 0.358142 0.031390 0.018981
0 0.404335 0.345654 0.028401 0.019980
4 0.511958 0.425075 0.031390 0.018981
3 0.302691 0.203297 0.031390 0.018981
2 0.044843 0.176823 0.023916 0.017982
1 0.294469 0.313686 0.026906 0.019980
3 0.253363 0.517982 0.037369 0.020979
3 0.708520 0.543457 0.035874 0.019980
1 0.884903 0.753247 0.023916 0.021978
1 0.579223 0.633367 0.025411 0.021978
4 0.319880 0.977023 0.026906 0.017982
2 0.225710 0.728272 0.029895 0.023976
5 0.633782 0.230769 0.032885 0.023976
1 0.746637 0.888611 0.028401 0.022977
5 0.124066 0.444056 0.029895 0.020979
3 0.799701 0.929570 0.035874 0.020979
1 0.955157 0.709291 0.023916 0.021978
2 0.374439 0.807692 0.028401 0.020979
5 0.512706 0.464535 0.029895 0.023976
3 0.195067 0.810689 0.037369 0.020979
2 0.250374 0.558941 0.028401 0.020979
2 0.220478 0.170330 0.028401 0.018981
0 0.790732 0.378122 0.029895 0.018981
5 0.083707 0.446054 0.023916 0.020979
1 0.582212 0.721778 0.022422 0.020979
0 0.153214 0.937063 0.031390 0.017982
1 0.079223 0.939061 0.026906 0.021978
3 0.372945 0.514486 0.037369 0.021978
4 0.355755 0.680320 0.032885 0.019980
4 0.613602 0.421079 0.025411 0.018981
1 0.354260 0.853147 0.020927 0.025974
3 0.822123 0.799201 0.038864 0.021978
1 0.927504 0.379620 0.022422 0.017982
2 0.951420 0.663337 0.028401 0.019980
1 0.461136 0.307193 0.025411 0.018981
5 0.363229 0.236763 0.026906 0.021978
0 0.011958 0.568432 0.023916 0.017982
3 0.656951 0.585914 0.037369 0.020979
2 0.033632 0.487512 0.025411 0.019980
5 0.343797 0.310689 0.023916 0.019980
3 0.048580 0.253746 0.031390 0.017982
2 0.936472 0.621878 0.025411 0.020979
3 0.734679 0.380120 0.037369 0.016983
5 0.381166 0.125375 0.026906 0.022977
5 0.813901 0.886114 0.031390 0.023976
3 0.073991 0.525974 0.028401 0.020979
3 0.848281 0.885115 0.040359 0.019980
2 0.364723 0.270230 0.029895 0.018981
0 0.136771 0.365135 0.022422 0.018981
0 0.924514 0.579920 0.028401 0.020979
0 0.908072 0.539461 0.025411 0.019980
2 0.195067 0.439061 0.028401 0.018981
1 0.232436 0.770729 0.028401 0.022977
2 0.876682 0.259241 0.028401 0.020979
0 0.330344 0.200799 0.026906 0.019980
5 0.623318 0.307193 0.023916 0.018981
0 0.462631 0.550949 0.028401 0.020979
5 0.914798 0.750749 0.026906 0.022977
1 0.673393 0.343157 0.022422 0.020979
1 0.184604 0.852647 0.022422 0.022977
0 0.534380 0.343157 0.028401 0.018981
4 0.721973 0.669331 0.029895 0.019980
2 0.445441 0.344655 0.026906 0.017982
1 0.679372 0.420579 0.022422 0.019980
0 0.723468 0.030470 0.029895 0.020979
1 0.561286 0.344156 0.022422 0.020979
5 0.509716 0.235764 0.029895 0.021978
4 0.855755 0.664835 0.031390 0.018981
1 0.634529 0.981518 0.022422 0.020979
2 0.633034 0.719780 0.034380 0.022977
5 0.595665 0.110889 0.028401 0.021978
2 0.837070 0.301698 0.029895 0.019980
0 0.666667 0.671329 0.029895 0.019980
1 0.568012 0.424076 0.023916 0.020979
4 0.214499 0.643357 0.025411 0.019980
2 0.103139 0.213287 0.029895 0.020979
1 0.530643 0.937562 0.023916 0.022977
3 0.425262 0.594905 0.034380 0.020979
2 0.559791 0.462038 0.031390 0.020979
3 0.835575 0.142358 0.035874 0.020979
4 0.179372 0.322178 0.023916 0.016983
1 0.097160 0.407592 0.020927 0.021978
5 0.250374 0.130869 0.025411 0.021978
0 0.035127 0.373127 0.025411 0.016983
5 0.066517 0.290709 0.022422 0.021978
2 0.145740 0.523477 0.028401 0.019980
5 0.550822 0.892607 0.025411 0.022977
2 0.160688 0.249251 0.025411 0.018981
3 0.328102 0.852148 0.034380 0.021978
1 0.466368 0.807692 0.023916 0.022977
4 0.186099 0.283716 0.028401 0.017982
4 0.469357 0.037463 0.032885 0.018981
4 0.051570 0.650350 0.022422 0.017982
2 0.331839 0.046454 0.026906 0.018981
1 0.455157 0.467532 0.022422 0.019980
5 0.603886 0.231269 0.026906 0.020979
3 0.065770 0.688312 0.029895 0.019980
1 0.319880 0.682318 0.020927 0.019980
5 0.115097 0.483516 0.023916 0.023976
4 0.201046 0.727273 0.025411 0.019980
2 0.539611 0.269730 0.032885 0.019980
2 0.642003 0.109890 0.025411 0.019980
0 0.431988 0.122877 0.029895 0.023976
0 0.189088 0.771728 0.034380 0.020979
1 0.834081 0.458042 0.026906 0.022977
1 0.901345 0.929570 0.026906 0.022977
2 0.409567 0.389111 0.023916 0.018981
5 0.741405 0.228272 0.032885 0.022977
2 0.309417 0.240260 0.023916 0.020979
5 0.126308 0.854645 0.025411 0.022977
2 0.239163 0.208292 0.026906 0.018981
4 0.396114 0.306194 0.026906 0.016983
4 0.186099 0.685315 0.028401 0.021978
1 0.528401 0.849151 0.019432 0.019980
4 0.221973 0.246254 0.025411 0.018981
4 0.485800 0.464535 0.029895 0.019980
2 0.803438 0.973526 0.028401 0.018981
5 0.360987 0.765734 0.028401 0.022977
4 0.473842 0.116883 0.023916 0.017982
2 0.597160 0.381618 0.028401 0.017982
4 0.072496 0.137862 0.034380 0.021978
4 0.600149 0.306194 0.028401 0.016983
1 0.343797 0.892108 0.026906 0.023976
1 0.795217 0.226773 0.026906 0.021978
1 0.360239 0.125874 0.026906 0.021978
5 0.286996 0.892607 0.026906 0.020979
5 0.565770 0.548951 0.028401 0.022977
5 0.620329 0.190809 0.026906 0.021978
3 0.881913 0.141858 0.035874 0.017982
2 0.688341 0.628372 0.034380 0.021978
3 0.671151 0.069930 0.032885 0.019980
1 0.463378 0.636863 0.023916 0.020979
3 0.870703 0.929071 0.037369 0.021978
0 0.901345 0.098402 0.029895 0.020979
2 0.476084 0.158342 0.025411 0.018981
5 0.385650 0.391608 0.023916 0.019980
3 0.485052 0.765235 0.037369 0.021978
3 0.092676 0.812188 0.029895 0.019980
2 0.165172 0.980519 0.028401 0.020979
2 0.180867 0.479520 0.026906 0.019980
1 0.881913 0.499500 0.026906 0.021978
2 0.032885 0.567932 0.023916 0.020979
2 0.418535 0.678322 0.029895 0.019980
5 0.307922 0.600899 0.029895 0.022977
0 0.667414 0.110390 0.028401 0.018981
4 0.556054 0.633866 0.026906 0.020979
0 0.828849 0.022977 0.028401 0.021978
2 0.507474 0.305694 0.028401 0.017982
1 0.736173 0.500500 0.022422 0.021978
2 0.714499 0.149351 0.026906 0.018981
0 0.306428 0.809690 0.029895 0.020979
5 0.453662 0.850649 0.025411 0.022977
5 0.962631 0.882118 0.026906 0.021978
3 0.647235 0.804196 0.038864 0.023976
2 0.396114 0.978521 0.032885 0.018981
2 0.180867 0.361139 0.026906 0.018981
0 0.844544 0.340160 0.026906 0.018981
4 0.131540 0.173327 0.029895 0.018981
0 0.971599 0.835664 0.032885 0.020979
5 0.207025 0.853147 0.025411 0.021978
2 0.286248 0.275724 0.025411 0.015984
2 0.299701 0.851648 0.031390 0.022977
2 0.807175 0.183317 0.029895 0.018981
4 0.871450 0.180320 0.026906 0.018981
4 0.650972 0.382118 0.025411 0.018981
3 0.967115 0.792707 0.032885 0.020979
5 0.865471 0.456543 0.029895 0.021978
0 0.454410 0.077922 0.023916 0.021978
0 0.189836 0.521978 0.029895 0.020979
4 0.228700 0.890110 0.029895 0.019980
3 0.337818 0.640859 0.032885 0.018981
3 0.809417 0.584915 0.037369 0.022977
1 0.399851 0.937063 0.028401 0.021978
5 0.225710 0.438062 0.029895 0.020979
5 0.174888 0.212288 0.026906 0.020979
0 0.404335 0.082418 0.031390 0.020979
5 0.352018 0.434066 0.028401 0.022977
5 0.883408 0.221279 0.029895 0.020979
5 0.075486 0.176324 0.025411 0.020979
0 0.589686 0.462537 0.031390 0.023976
4 0.574738 0.190809 0.028401 0.017982
4 0.504484 0.195305 0.025411 0.018981
1 0.100149 0.566434 0.029895 0.019980
4 0.440209 0.636863 0.028401 0.020979
5 0.825112 0.101399 0.023916 0.020979
1 0.275037 0.354645 0.020927 0.019980
1 0.275785 0.437063 0.022422 0.020979
3 0.092676 0.328671 0.026906 0.017982
2 0.489537 0.506993 0.028401 0.020979
2 0.855755 0.540959 0.031390 0.020979
0 0.283259 0.170330 0.028401 0.022977
3 0.897608 0.664835 0.034380 0.020979
2 0.316891 0.393107 0.026906 0.018981
2 0.358744 0.163836 0.026906 0.017982
3 0.772048 0.974026 0.034380 0.019980
2 0.902840 0.378122 0.029895 0.018981
3 0.736921 0.067932 0.035874 0.019980
3 0.595665 0.032967 0.034380 0.019980
0 0.103886 0.525475 0.028401 0.019980
4 0.322870 0.724775 0.029895 0.022977
4 0.781764 0.542957 0.026906 0.018981
0 0.358744 0.977023 0.026906 0.019980
4 0.779522 0.302697 0.028401 0.017982
5 0.767564 0.185814 0.028401 0.023976
5 0.892377 0.581419 0.026906 0.021978
0 0.813901 0.498501 0.028401 0.021978
2 0.637519 0.672328 0.034380 0.021978
1 0.241405 0.280719 0.022422 0.017982
1 0.224963 0.398102 0.022422 0.022977
1 0.490284 0.268731 0.020927 0.021978
3 0.417040 0.040959 0.029895 0.019980
1 0.975336 0.970529 0.022422 0.020979
5 0.126308 0.055944 0.022422 0.019980
0 0.187593 0.561938 0.028401 0.022977
5 0.073244 0.060440 0.020927 0.018981
3 0.786996 0.144855 0.034380 0.021978
3 0.441704 0.891109 0.031390 0.019980
4 0.932735 0.708292 0.026906 0.019980
3 0.077728 0.096404 0.029895 0.018981
0 0.806428 0.541958 0.028401 0.020979
5 0.023916 0.179321 0.023916 0.020979
4 0.568012 0.033467 0.026906 0.020979
0 0.531390 0.982018 0.028401 0.021978
0 0.057549 0.487512 0.028401 0.021978
3 0.056054 0.771229 0.028401 0.019980
0 0.920030 0.339660 0.028401 0.017982
5 0.229447 0.811189 0.031390 0.023976
5 0.451420 0.161339 0.026906 0.020979
5 0.200299 0.322178 0.023916 0.020979
2 0.722720 0.715285 0.034380 0.021978
4 0.038864 0.729271 0.023916 0.019980
1 0.667414 0.935564 0.022422 0.018981
4 0.313154 0.273726 0.022422 0.017982
0 0.202541 0.398601 0.028401 0.021978
